200 7969
1 130 911
1 131 441
1 133 385
1 7 921
1 136 29
1 11 638
1 12 628
1 141 389
1 14 512
1 15 312
1 144 987
1 145 98
1 18 495
1 19 7
1 148 328
1 21 958
1 152 89
1 25 800
1 27 852
1 176 827
1 159 562
1 160 7
1 33 432
1 34 179
1 163 263
1 37 968
1 38 142
1 169 995
1 42 337
1 43 436
1 44 458
1 46 56
1 47 913
1 48 777
1 51 159
1 180 569
1 53 758
1 54 928
1 55 667
1 56 414
1 186 337
1 59 943
1 60 460
1 190 618
1 135 656
1 182 670
1 66 119
1 67 256
1 196 125
1 70 111
1 199 396
1 200 767
1 74 196
1 75 862
1 77 256
1 78 928
1 142 397
1 81 690
1 174 244
1 84 431
1 85 539
1 143 636
1 89 526
1 90 74
1 93 341
1 187 917
1 95 513
1 100 17
1 101 995
1 103 240
1 108 341
1 109 825
1 110 648
1 114 87
1 115 536
1 188 906
1 120 183
1 121 995
1 123 605
1 124 417
1 171 850
2 193 903
2 3 761
2 8 469
2 9 791
2 138 595
2 139 513
2 140 691
2 141 481
2 14 590
2 143 142
2 19 424
2 21 29
2 22 758
2 151 28
2 26 240
2 28 751
2 157 21
2 30 737
2 160 153
2 34 926
2 165 910
2 166 490
2 39 646
2 168 541
2 170 98
2 43 898
2 172 344
2 46 916
2 48 999
2 49 388
2 50 503
2 179 369
2 54 445
2 55 666
2 184 835
2 186 117
2 188 972
2 62 132
2 63 172
2 182 992
2 65 945
2 67 288
2 68 7
2 197 94
2 70 327
2 131 508
2 72 651
2 74 98
2 162 961
2 191 402
2 82 803
2 84 934
2 85 846
2 87 734
2 177 447
2 90 499
2 91 552
2 92 453
2 93 313
2 94 941
2 200 165
2 96 119
2 98 412
2 100 412
2 101 179
2 103 219
2 104 924
2 106 768
2 108 735
2 110 493
2 178 65
2 112 338
2 113 233
2 118 427
2 119 779
2 122 97
2 123 639
2 171 427
2 150 485
3 129 455
3 131 397
3 132 910
3 5 142
3 134 346
3 136 256
3 9 471
3 138 950
3 139 724
3 12 986
3 14 902
3 143 592
3 144 936
3 145 291
3 18 5
3 172 862
3 21 686
3 22 748
3 152 97
3 153 144
3 26 982
3 29 388
3 168 939
3 31 234
3 32 135
3 161 912
3 162 509
3 35 233
3 37 102
3 39 820
3 40 438
3 169 664
3 44 1000
3 46 110
3 175 834
3 176 557
3 49 589
3 137 274
3 51 544
3 52 193
3 56 505
3 133 576
3 186 600
3 184 721
3 61 447
3 191 777
3 192 610
3 196 989
3 69 521
3 198 104
3 72 214
3 76 131
3 77 519
3 79 226
3 82 458
3 84 777
3 85 882
3 86 473
3 87 373
3 88 319
3 165 996
3 91 927
3 93 487
3 200 606
3 96 981
3 97 921
3 179 906
3 99 835
3 167 473
3 104 641
3 189 24
3 107 278
3 108 106
3 111 472
3 114 421
3 115 751
3 117 689
3 119 1
3 121 952
3 149 163
3 126 497
3 128 467
4 129 229
4 193 937
4 131 234
4 180 857
4 133 701
4 134 616
4 8 439
4 10 285
4 11 955
4 12 493
4 144 679
4 145 90
4 147 618
4 20 539
4 149 648
4 150 118
4 151 810
4 24 752
4 26 567
4 27 556
4 30 723
4 32 597
4 161 801
4 198 862
4 164 786
4 37 746
4 38 302
4 167 848
4 40 615
4 41 618
4 42 56
4 172 780
4 173 952
4 46 732
4 47 722
4 158 674
4 177 816
4 51 814
4 52 851
4 181 945
4 54 551
4 57 919
4 58 378
4 187 667
4 160 445
4 61 986
4 64 528
4 65 331
4 68 372
4 69 451
4 70 85
4 199 521
4 72 443
4 81 710
4 86 250
4 87 473
4 88 922
4 166 525
4 98 722
4 100 652
4 102 890
4 103 920
4 179 642
4 106 822
4 197 735
4 108 261
4 110 315
4 175 320
4 113 525
4 169 854
4 188 4
4 125 96
4 127 523
4 128 715
5 12 755
5 14 945
5 15 773
5 16 336
5 18 456
5 20 403
5 21 260
5 24 437
5 27 251
5 31 580
5 34 443
5 35 584
5 36 452
5 37 425
5 40 74
5 45 851
5 47 892
5 48 75
5 49 352
5 52 819
5 55 958
5 58 622
5 59 248
5 62 242
5 63 591
5 65 48
5 66 788
5 68 577
5 71 179
5 72 17
5 73 810
5 74 85
5 76 77
5 79 642
5 80 228
5 82 520
5 83 858
5 88 206
5 89 476
5 92 170
5 99 272
5 103 158
5 106 261
5 108 175
5 110 479
5 113 982
5 116 287
5 118 647
5 120 583
5 128 952
5 129 969
5 131 724
5 134 950
5 136 37
5 140 43
5 141 44
5 143 182
5 144 142
5 146 601
5 147 639
5 149 482
5 154 223
5 156 481
5 158 608
5 160 503
5 162 118
5 163 762
5 164 758
5 166 184
5 171 67
5 173 5
5 174 233
5 176 452
5 178 423
5 182 266
5 183 239
5 184 73
5 187 499
5 188 5
5 189 685
5 191 563
5 194 394
5 195 400
5 196 307
5 197 344
5 198 390
5 200 974
6 132 736
6 197 153
6 135 819
6 8 656
6 137 421
6 10 84
6 11 943
6 140 21
6 13 820
6 14 999
6 145 559
6 146 632
6 19 800
6 148 532
6 149 69
6 172 909
6 23 557
6 198 229
6 25 414
6 154 362
6 156 915
6 157 973
6 31 284
6 32 962
6 35 595
6 164 939
6 37 855
6 38 313
6 39 430
6 40 947
6 41 577
6 42 625
6 44 575
6 45 962
6 48 619
6 49 526
6 50 582
6 53 320
6 56 934
6 186 328
6 187 809
6 60 607
6 189 80
6 62 745
6 64 688
6 65 126
6 199 128
6 195 482
6 68 243
6 178 335
6 70 14
6 71 397
6 74 172
6 76 952
6 163 27
6 81 559
6 83 885
6 85 981
6 86 339
6 87 995
6 88 386
6 89 829
6 165 641
6 91 823
6 98 928
6 99 595
6 188 165
6 101 433
6 167 582
6 196 379
6 105 456
6 168 674
6 153 98
6 147 207
6 111 773
6 113 859
6 119 460
6 170 834
6 125 529
6 184 135
7 131 384
7 132 233
7 133 233
7 8 63
7 137 381
7 10 339
7 139 911
7 12 929
7 141 124
7 176 654
7 189 531
7 150 220
7 151 178
7 25 382
7 154 267
7 27 433
7 28 637
7 30 964
7 160 911
7 33 713
7 162 876
7 35 400
7 164 411
7 40 915
7 44 785
7 175 96
7 158 586
7 177 886
7 50 943
7 179 30
7 52 493
7 53 60
7 182 543
7 184 140
7 185 440
7 60 206
7 61 341
7 193 585
7 161 791
7 197 992
7 73 215
7 74 47
7 75 393
7 76 6
7 77 494
7 82 33
7 87 44
7 90 643
7 93 607
7 94 269
7 95 385
7 98 336
7 99 759
7 101 584
7 105 269
7 106 710
7 172 487
7 108 651
7 110 618
7 111 187
7 112 560
7 113 610
7 115 153
7 121 305
7 128 522
8 129 718
8 132 512
8 133 608
8 134 610
8 136 226
8 10 426
8 139 326
8 12 234
8 141 391
8 176 356
8 15 51
8 146 892
8 147 723
8 20 455
8 22 445
8 151 391
8 24 611
8 25 567
8 154 974
8 28 680
8 31 428
8 32 837
8 161 829
8 34 591
8 156 933
8 39 869
8 168 771
8 42 567
8 171 291
8 44 935
8 173 303
8 46 677
8 47 275
8 48 145
8 52 552
8 182 136
8 56 412
8 58 536
8 187 310
8 188 938
8 190 445
8 191 71
8 192 524
8 193 963
8 66 476
8 67 444
8 68 915
8 69 437
8 70 322
8 76 332
8 77 166
8 78 43
8 194 176
8 87 863
8 186 705
8 89 938
8 92 478
8 93 797
8 95 837
8 100 695
8 103 698
8 105 930
8 109 175
8 111 528
8 175 776
8 114 523
8 184 428
8 117 685
8 121 520
8 122 455
8 124 86
8 126 93
9 130 703
9 131 977
9 132 428
9 134 468
9 135 938
9 136 157
9 137 755
9 10 457
9 11 623
9 12 868
9 141 661
9 15 213
9 18 388
9 19 799
9 189 59
9 150 614
9 151 268
9 24 440
9 25 957
9 154 458
9 155 701
9 156 900
9 158 768
9 161 481
9 35 546
9 36 407
9 163 698
9 164 522
9 40 446
9 41 932
9 42 990
9 171 401
9 173 779
9 46 74
9 49 812
9 50 124
9 179 118
9 180 982
9 54 20
9 55 844
9 59 429
9 188 555
9 152 283
9 139 996
9 191 339
9 64 839
9 65 145
9 66 489
9 68 93
9 69 448
9 183 601
9 72 301
9 75 113
9 76 18
9 77 106
9 78 737
9 80 477
9 84 619
9 140 162
9 143 443
9 87 457
9 153 998
9 187 15
9 95 946
9 96 970
9 97 493
9 166 316
9 103 215
9 104 984
9 106 77
9 109 579
9 147 203
9 112 820
9 113 159
9 190 430
9 120 588
9 193 746
9 126 659
9 127 352
10 13 918
10 15 522
10 17 291
10 18 432
10 22 619
10 26 321
10 27 381
10 28 336
10 32 959
10 34 734
10 35 385
10 36 994
10 37 867
10 38 487
10 39 816
10 40 560
10 44 263
10 45 534
10 47 416
10 48 505
10 51 268
10 52 545
10 53 756
10 57 770
10 60 822
10 62 857
10 66 824
10 68 140
10 70 284
10 71 959
10 72 880
10 74 622
10 79 427
10 80 714
10 94 8
10 95 496
10 96 628
10 97 851
10 103 615
10 105 387
10 106 50
10 109 685
10 111 94
10 112 363
10 116 189
10 117 684
10 118 497
10 119 309
10 121 1000
10 122 617
10 123 737
10 124 835
10 127 620
10 128 700
10 129 995
10 131 580
10 133 727
10 134 924
10 136 313
10 137 620
10 138 990
10 139 359
10 140 18
10 141 216
10 142 129
10 143 840
10 146 135
10 147 695
10 148 734
10 149 55
10 151 853
10 159 925
10 172 948
10 175 897
10 178 172
10 180 990
10 181 339
10 182 116
10 188 793
10 190 808
10 191 77
10 193 234
10 194 627
10 196 493
10 197 626
10 199 534
11 129 78
11 135 876
11 137 936
11 173 341
11 162 477
11 144 431
11 148 858
11 150 301
11 174 34
11 24 654
11 153 468
11 156 602
11 157 409
11 30 320
11 32 476
11 33 296
11 34 181
11 164 129
11 37 64
11 38 288
11 40 760
11 170 147
11 177 38
11 45 135
11 46 40
11 47 343
11 48 504
11 49 364
11 50 356
11 51 542
11 52 339
11 181 937
11 184 146
11 57 567
11 187 321
11 60 268
11 62 933
11 191 878
11 64 617
11 193 506
11 161 481
11 197 999
11 71 105
11 72 754
11 74 71
11 77 821
11 199 396
11 185 128
11 80 82
11 81 187
11 82 856
11 85 919
11 86 762
11 88 892
11 89 420
11 90 357
11 93 456
11 200 480
11 166 923
11 97 794
11 100 816
11 101 219
11 106 501
11 108 56
11 112 611
11 158 662
11 114 654
11 118 523
11 122 809
11 124 58
11 128 955
12 133 748
12 134 390
12 136 338
12 137 504
12 173 61
12 13 235
12 14 141
12 15 821
12 144 360
12 18 60
12 20 663
12 175 708
12 24 87
12 25 53
12 176 501
12 157 804
12 30 9
12 159 224
12 32 868
12 34 957
12 36 647
12 165 25
12 39 197
12 141 65
12 148 408
12 177 854
12 160 753
12 174 193
12 47 497
12 48 856
12 49 235
12 51 841
12 52 410
12 53 261
12 54 728
12 55 276
12 56 731
12 57 101
12 181 760
12 60 806
12 189 124
12 190 14
12 63 661
12 192 92
12 67 827
12 68 685
12 69 980
12 198 104
12 199 999
12 72 713
12 73 601
12 74 679
12 75 674
12 77 894
12 78 80
12 81 859
12 185 619
12 164 440
12 85 994
12 86 807
12 88 56
12 90 413
12 91 467
12 200 888
12 98 133
12 102 146
12 179 121
12 107 500
12 110 800
12 112 954
12 169 299
12 115 432
12 116 438
12 117 22
12 120 255
12 122 219
12 123 314
12 171 694
13 129 833
13 132 832
13 134 531
13 135 691
13 136 569
13 137 504
13 138 284
13 152 392
13 14 146
13 195 21
13 144 411
13 17 357
13 19 348
13 148 879
13 21 333
13 22 633
13 23 946
13 24 933
13 153 464
13 155 524
13 29 853
13 158 531
13 151 416
13 33 321
13 162 541
13 35 937
13 164 109
13 37 665
13 39 799
13 40 279
13 171 456
13 46 858
13 176 255
13 177 449
13 179 244
13 180 9
13 54 168
13 56 251
13 57 902
13 58 130
13 147 846
13 190 786
13 191 456
13 64 397
13 193 675
13 66 941
13 67 690
13 196 53
13 197 174
13 198 744
13 71 588
13 72 243
13 73 211
13 76 729
13 163 972
13 79 628
13 142 335
13 174 240
13 86 219
13 89 869
13 161 927
13 95 962
13 182 430
13 100 220
13 101 234
13 167 630
13 106 415
13 108 842
13 110 26
13 113 729
13 114 761
13 116 669
13 118 553
13 120 235
13 121 967
13 124 487
13 125 669
13 126 230
13 127 746
14 133 575
14 134 31
14 135 898
14 140 485
14 141 133
14 142 773
14 143 186
14 174 584
14 18 653
14 19 919
14 151 9
14 26 522
14 27 424
14 29 741
14 158 726
14 31 579
14 198 705
14 162 738
14 192 472
14 164 636
14 37 17
14 38 266
14 168 31
14 41 120
14 42 353
14 171 879
14 200 603
14 173 386
14 46 847
14 47 33
14 48 645
14 177 687
14 178 462
14 52 845
14 54 358
14 183 640
14 185 925
14 188 443
14 64 567
14 65 962
14 182 192
14 68 703
14 70 58
14 71 308
14 72 406
14 73 962
14 74 333
14 75 875
14 76 289
14 199 224
14 79 501
14 81 198
14 82 491
14 87 92
14 88 788
14 90 299
14 93 18
14 94 712
14 95 420
14 96 56
14 98 500
14 99 853
14 105 976
14 107 983
14 147 773
14 111 143
14 113 823
14 115 343
14 120 645
14 123 808
14 124 354
14 127 230
14 128 32
15 131 46
15 172 44
15 136 986
15 157 332
15 138 470
15 139 458
15 141 247
15 142 578
15 143 264
15 144 271
15 19 447
15 148 370
15 21 428
15 151 553
15 25 959
15 27 494
15 28 774
15 29 482
15 155 610
15 31 970
15 198 894
15 33 253
15 162 454
15 156 685
15 39 167
15 41 750
15 42 604
15 43 667
15 44 125
15 46 374
15 175 788
15 49 962
15 178 459
15 179 192
15 52 669
15 181 995
15 159 72
15 56 682
15 185 36
15 186 9
15 62 902
15 147 791
15 66 54
15 68 464
15 197 327
15 70 662
15 182 121
15 74 677
15 75 109
15 76 914
15 80 690
15 83 847
15 84 82
15 87 843
15 88 67
15 161 619
15 93 875
15 95 175
15 96 236
15 98 643
15 149 817
15 100 977
15 102 116
15 196 807
15 104 735
15 107 478
15 109 874
15 110 10
15 111 520
15 113 63
15 116 265
15 117 667
15 121 379
15 122 788
15 125 998
16 133 549
16 135 596
16 136 487
16 173 622
16 139 826
16 152 878
16 141 997
16 147 883
16 196 625
16 149 922
16 175 757
16 23 473
16 24 633
16 154 721
16 155 577
16 156 773
16 29 806
16 32 196
16 34 459
16 164 503
16 37 390
16 38 161
16 167 359
16 168 827
16 42 592
16 172 882
16 45 668
16 47 930
16 176 704
16 51 879
16 180 929
16 53 773
16 54 682
16 56 440
16 187 633
16 60 383
16 189 734
16 191 941
16 182 398
16 65 221
16 195 4
16 68 962
16 197 797
16 71 105
16 162 30
16 73 392
16 75 228
16 77 84
16 78 676
16 79 227
16 82 225
16 157 743
16 84 190
16 85 134
16 200 272
16 165 963
16 91 528
16 92 506
16 95 222
16 97 334
16 98 869
16 99 63
16 101 676
16 108 877
16 109 203
16 110 409
16 111 738
16 112 382
16 119 312
16 170 318
16 121 413
16 126 547
17 193 260
17 131 309
17 133 282
17 194 772
17 137 823
17 138 326
17 139 893
17 142 598
17 143 843
17 144 135
17 145 463
17 20 623
17 150 786
17 23 622
17 24 76
17 28 763
17 30 598
17 186 418
17 160 77
17 33 748
17 163 565
17 164 640
17 166 346
17 167 163
17 169 951
17 170 796
17 43 916
17 44 352
17 46 199
17 175 492
17 48 788
17 177 861
17 51 549
17 180 559
17 181 485
17 54 398
17 185 811
17 58 433
17 187 130
17 62 751
17 191 233
17 182 237
17 65 647
17 66 457
17 67 520
17 197 544
17 199 86
17 74 93
17 76 419
17 77 424
17 174 265
17 83 434
17 85 822
17 88 466
17 90 789
17 91 136
17 94 390
17 95 588
17 97 912
17 99 105
17 101 593
17 102 250
17 105 753
17 106 869
17 107 618
17 108 817
17 158 93
17 114 365
17 115 686
17 117 687
17 120 576
17 161 982
17 126 79
18 129 762
18 130 125
18 180 438
18 136 807
18 138 632
18 144 524
18 145 380
18 146 592
18 21 104
18 150 455
18 174 272
18 152 692
18 156 145
18 158 456
18 159 9
18 33 743
18 34 546
18 163 501
18 36 411
18 165 980
18 164 512
18 40 953
18 169 690
18 42 813
18 172 431
18 45 735
18 46 595
18 48 13
18 177 880
18 178 993
18 51 320
18 173 955
18 53 882
18 57 553
18 181 548
18 187 723
18 60 183
18 189 163
18 191 493
18 64 738
18 193 658
18 66 1
18 197 724
18 70 261
18 162 305
18 73 971
18 74 365
18 76 451
18 77 473
18 81 150
18 82 186
18 84 284
18 86 481
18 90 441
18 91 141
18 95 727
18 96 631
18 188 364
18 103 520
18 104 937
18 106 800
18 108 427
18 109 386
18 110 599
18 111 746
18 112 192
18 113 572
18 119 54
18 122 383
18 123 701
19 180 984
19 135 219
19 137 239
19 139 492
19 141 580
19 143 823
19 145 484
19 147 299
19 151 633
19 153 122
19 26 925
19 155 743
19 28 337
19 29 935
19 186 422
19 160 559
19 33 914
19 162 381
19 35 365
19 156 910
19 39 56
19 41 674
19 43 400
19 44 30
19 45 424
19 46 684
19 49 798
19 51 188
19 52 437
19 53 41
19 182 205
19 183 213
19 185 327
19 177 950
19 187 313
19 188 221
19 191 98
19 192 943
19 65 138
19 194 396
19 196 728
19 70 14
19 199 899
19 72 726
19 74 528
19 75 169
19 78 811
19 79 198
19 80 7
19 81 661
19 82 614
19 83 111
19 84 331
19 87 270
19 88 482
19 89 102
19 90 200
19 92 666
19 93 21
19 94 208
19 95 509
19 96 877
19 97 485
19 98 59
19 99 187
19 102 939
19 103 942
19 105 653
19 106 109
19 108 943
19 109 579
19 110 908
19 114 606
19 117 356
19 119 880
19 120 202
19 122 610
19 123 687
19 124 211
19 171 460
19 128 303
20 132 731
20 151 557
20 136 313
20 173 839
20 140 444
20 142 212
20 174 262
20 145 483
20 146 430
20 148 709
20 21 932
20 23 15
20 152 225
20 25 728
20 26 727
20 180 835
20 28 868
20 32 668
20 34 266
20 36 801
20 37 412
20 38 541
20 39 46
20 178 443
20 41 70
20 171 218
20 172 630
20 45 972
20 46 861
20 47 143
20 49 433
20 50 184
20 52 364
20 181 747
20 57 812
20 58 230
20 59 660
20 169 19
20 61 976
20 62 133
20 192 630
20 193 177
20 66 929
20 195 155
20 68 468
20 70 580
20 71 266
20 200 988
20 80 291
20 153 558
20 82 3
20 83 724
20 84 490
20 88 386
20 90 508
20 91 917
20 92 55
20 93 726
20 102 145
20 103 357
20 104 755
20 105 397
20 189 693
20 107 628
20 109 17
20 164 696
20 117 388
20 121 69
20 122 278
20 123 717
20 124 964
20 167 114
21 130 774
21 194 721
21 157 487
21 138 326
21 141 692
21 143 133
21 174 335
21 145 29
21 146 65
21 148 915
21 22 2
21 23 617
21 152 617
21 25 53
21 26 429
21 28 7
21 29 210
21 31 755
21 198 559
21 33 426
21 34 716
21 35 87
21 36 963
21 165 627
21 166 818
21 167 503
21 42 558
21 177 376
21 45 281
21 46 817
21 175 509
21 49 107
21 50 308
21 179 502
21 173 131
21 53 244
21 185 639
21 59 719
21 60 776
21 190 918
21 191 9
21 192 218
21 66 60
21 68 765
21 70 618
21 199 3
21 74 209
21 83 352
21 85 403
21 88 515
21 91 661
21 92 597
21 187 66
21 95 995
21 96 226
21 99 601
21 101 622
21 196 56
21 105 138
21 110 904
21 111 978
21 112 841
21 114 623
21 116 838
21 117 220
21 119 972
21 121 602
21 123 422
21 127 897
22 193 418
22 131 732
22 132 326
22 133 504
22 134 159
22 142 684
22 200 337
22 146 609
22 147 412
22 148 216
22 172 540
22 23 511
22 24 325
22 25 464
22 154 521
22 27 986
22 156 318
22 155 225
22 159 975
22 33 829
22 34 931
22 36 43
22 37 782
22 38 641
22 40 681
22 41 778
22 170 316
22 44 418
22 46 838
22 47 685
22 158 874
22 178 495
22 179 335
22 180 938
22 53 625
22 56 70
22 185 861
22 181 820
22 59 921
22 60 71
22 61 131
22 62 884
22 63 997
22 64 746
22 65 814
22 194 547
22 67 323
22 69 106
22 186 596
22 72 174
22 76 802
22 79 171
22 80 317
22 83 80
22 164 606
22 88 21
22 165 878
22 91 701
22 168 741
22 93 993
22 187 191
22 95 323
22 104 645
22 162 243
22 107 178
22 108 848
22 109 786
22 110 222
22 175 672
22 114 485
22 115 465
22 117 630
22 190 789
22 176 799
22 122 896
22 125 847
22 184 61
22 127 865
23 129 263
23 193 440
23 132 795
23 133 68
23 134 178
23 135 57
23 137 177
23 173 329
23 139 154
23 141 451
23 142 573
23 145 196
23 149 600
23 150 122
23 152 683
23 25 848
23 28 235
23 30 97
23 32 78
23 33 57
23 162 554
23 198 465
23 165 85
23 166 910
23 167 542
23 168 871
23 41 212
23 170 930
23 45 757
23 179 351
23 48 839
23 177 217
23 50 622
23 51 225
23 52 938
23 53 188
23 184 855
23 57 893
23 58 163
23 187 94
23 160 990
23 189 370
23 63 564
23 64 85
23 65 470
23 66 29
23 195 521
23 69 187
23 70 488
23 199 116
23 161 99
23 77 634
23 78 438
23 79 397
23 80 123
23 185 730
23 85 994
23 86 259
23 91 948
23 94 893
23 95 336
23 96 969
23 188 827
23 104 506
23 105 15
23 106 95
23 111 275
23 112 448
23 158 157
23 169 693
23 116 803
23 117 109
23 191 402
23 192 639
23 126 144
23 127 312
24 130 832
24 132 252
24 134 650
24 135 134
24 137 916
24 138 651
24 140 807
24 141 365
24 142 887
24 143 787
24 145 248
24 153 908
24 149 570
24 150 536
24 151 148
24 152 977
24 25 676
24 180 382
24 28 610
24 157 888
24 31 668
24 160 799
24 162 908
24 163 468
24 36 169
24 37 719
24 38 232
24 41 320
24 42 517
24 171 692
24 44 374
24 174 893
24 48 667
24 50 392
24 51 451
24 52 584
24 55 611
24 56 850
24 185 75
24 189 125
24 190 965
24 63 795
24 193 275
24 66 912
24 67 117
24 68 634
24 197 508
24 71 138
24 200 28
24 73 260
24 184 341
24 77 201
24 78 793
24 79 339
24 191 538
24 82 547
24 83 713
24 164 686
24 85 824
24 87 591
24 89 22
24 91 271
24 92 453
24 93 973
24 95 939
24 166 237
24 98 873
24 99 498
24 100 458
24 101 969
24 103 992
24 104 949
24 105 684
24 106 794
24 107 924
24 108 53
24 109 498
24 110 542
24 169 611
24 115 525
24 118 271
24 119 364
24 121 391
24 126 111
24 127 518
25 129 919
25 130 838
25 132 982
25 136 786
25 140 740
25 193 779
25 142 986
25 143 699
25 150 614
25 153 504
25 197 243
25 155 305
25 156 513
25 30 735
25 177 742
25 36 94
25 41 814
25 200 963
25 46 218
25 47 634
25 158 904
25 49 883
25 178 910
25 51 835
25 182 229
25 55 917
25 185 834
25 188 260
25 189 233
25 63 230
25 64 55
25 65 703
25 176 944
25 68 452
25 69 847
25 198 892
25 199 479
25 72 984
25 73 909
25 76 879
25 77 101
25 78 513
25 79 418
25 81 618
25 82 783
25 84 895
25 86 221
25 88 750
25 90 664
25 91 811
25 92 186
25 94 206
25 96 122
25 99 97
25 101 260
25 102 418
25 105 534
25 195 705
25 109 228
25 111 524
25 112 199
25 113 952
25 115 575
25 116 216
25 117 324
25 120 745
25 125 279
25 126 465
25 127 187
26 129 372
26 130 84
26 131 903
26 132 143
26 135 925
26 137 139
26 138 576
26 139 118
26 140 85
26 141 409
26 144 89
26 146 28
26 150 224
26 197 260
26 27 679
26 156 604
26 29 269
26 155 331
26 159 182
26 160 770
26 33 5
26 34 684
26 163 325
26 36 976
26 37 495
26 199 430
26 167 753
26 40 948
26 44 479
26 173 568
26 179 895
26 47 798
26 158 598
26 177 803
26 178 446
26 51 59
26 53 787
26 54 721
26 181 43
26 56 230
26 58 146
26 60 135
26 61 885
26 191 667
26 64 287
26 193 710
26 194 224
26 69 956
26 183 23
26 71 914
26 162 751
26 75 273
26 76 209
26 79 649
26 81 720
26 82 79
26 83 517
26 84 771
26 87 144
26 89 480
26 165 4
26 94 592
26 200 847
26 96 292
26 100 234
26 106 443
26 111 910
26 114 437
26 188 5
26 119 261
26 121 111
26 123 361
26 124 633
26 125 652
26 127 764
27 193 638
27 132 328
27 134 576
27 137 304
27 138 219
27 139 518
27 140 21
27 141 324
27 180 410
27 147 5
27 150 754
27 152 990
27 154 811
27 155 792
27 157 377
27 158 598
27 31 472
27 160 947
27 163 148
27 36 621
27 37 819
27 38 906
27 43 621
27 179 308
27 47 707
27 176 699
27 50 840
27 51 295
27 52 17
27 53 649
27 54 295
27 56 243
27 58 408
27 164 767
27 60 848
27 189 973
27 62 647
27 64 500
27 65 309
27 66 890
27 68 113
27 69 197
27 70 136
27 182 335
27 78 994
27 81 754
27 83 940
27 84 906
27 87 741
27 88 139
27 199 34
27 94 31
27 166 96
27 97 850
27 98 614
27 188 419
27 103 201
27 108 548
27 112 468
27 116 695
27 117 638
27 118 571
27 119 944
27 171 965
27 121 916
27 123 245
27 124 910
27 125 194
27 126 170
28 129 958
28 132 38
28 133 71
28 137 839
28 139 67
28 140 437
28 143 400
28 144 536
28 145 537
28 146 726
28 151 728
28 152 410
28 153 2
28 197 234
28 156 707
28 29 337
28 33 557
28 162 17
28 165 597
28 169 201
28 42 417
28 43 840
28 44 34
28 45 925
28 179 921
28 49 719
28 50 266
28 51 955
28 185 612
28 177 293
28 187 110
28 60 664
28 61 741
28 191 681
28 192 14
28 65 957
28 66 610
28 68 790
28 69 526
28 72 55
28 73 982
28 74 875
28 76 189
28 79 971
28 82 929
28 83 970
28 85 874
28 87 343
28 186 10
28 89 386
28 90 824
28 92 660
28 93 258
28 96 864
28 97 295
28 104 144
28 105 976
28 189 246
28 108 796
28 110 22
28 111 190
28 112 539
28 113 847
28 117 103
28 120 829
28 124 411
28 125 152
28 126 598
28 127 761
28 128 881
29 173 703
29 131 985
29 135 383
29 163 350
29 137 262
29 138 75
29 142 614
29 147 814
29 149 539
29 153 862
29 154 118
29 156 693
29 31 97
29 33 256
29 162 95
29 35 431
29 36 21
29 37 302
29 38 657
29 167 321
29 40 506
29 41 396
29 171 94
29 177 912
29 45 791
29 46 376
29 49 44
29 50 448
29 51 458
29 52 168
29 53 564
29 56 943
29 185 641
29 58 217
29 59 688
29 60 571
29 178 277
29 62 393
29 63 784
29 64 566
29 199 462
29 67 587
29 169 914
29 198 629
29 71 78
29 72 296
29 195 745
29 74 874
29 76 537
29 78 848
29 83 766
29 164 881
29 86 3
29 186 818
29 165 469
29 92 344
29 93 37
29 187 331
29 200 245
29 98 871
29 100 590
29 101 202
29 109 636
29 111 130
29 114 583
29 115 97
29 116 362
29 117 740
29 119 986
29 120 565
29 125 979
29 126 654
29 128 828
30 129 590
30 130 476
30 132 255
30 180 570
30 135 165
30 137 525
30 138 87
30 193 588
30 195 269
30 143 830
30 144 378
30 145 479
30 146 510
30 147 768
30 148 619
30 150 437
30 153 863
30 155 997
30 33 319
30 37 90
30 38 116
30 178 476
30 42 651
30 171 155
30 172 297
30 173 902
30 179 171
30 48 913
30 49 25
30 50 428
30 51 414
30 52 334
30 182 176
30 183 535
30 56 147
30 60 273
30 63 972
30 65 373
30 194 230
30 67 158
30 165 512
30 69 638
30 70 92
30 72 439
30 76 507
30 81 40
30 82 500
30 83 312
30 84 176
30 87 838
30 200 159
30 89 725
30 90 43
30 95 533
30 96 457
30 166 596
30 99 317
30 188 333
30 101 141
30 105 127
30 108 836
30 109 974
30 111 354
30 113 233
30 118 631
30 122 149
30 123 442
30 128 755
31 193 158
31 132 505
31 134 696
31 194 831
31 137 823
31 138 114
31 140 501
31 145 818
31 147 990
31 149 389
31 151 738
31 152 288
31 155 594
31 176 145
31 157 13
31 160 362
31 33 41
31 36 813
31 37 307
31 39 422
31 42 287
31 44 564
31 45 306
31 46 656
31 48 627
31 178 150
31 52 641
31 53 647
31 182 930
31 55 422
31 56 729
31 57 494
31 186 555
31 59 554
31 189 122
31 62 400
31 192 583
31 65 768
31 66 669
31 68 329
31 198 743
31 74 282
31 75 17
31 76 94
31 185 466
31 164 648
31 86 120
31 90 330
31 92 420
31 93 98
31 187 69
31 96 745
31 101 694
31 103 138
31 105 450
31 109 389
31 112 901
31 113 652
31 170 567
31 161 534
31 123 818
31 124 645
31 126 858
31 128 987
32 129 637
32 131 821
32 172 121
32 134 164
32 135 100
32 194 90
32 137 455
32 140 685
32 141 600
32 142 837
32 146 519
32 147 946
32 149 985
32 150 826
32 151 876
32 153 244
32 187 485
32 186 173
32 160 820
32 33 329
32 36 147
32 37 421
32 166 521
32 167 557
32 168 165
32 170 708
32 44 946
32 173 345
32 46 404
32 47 289
32 48 670
32 181 814
32 51 38
32 53 232
32 54 646
32 55 675
32 56 612
32 57 721
32 58 909
32 59 89
32 63 89
32 193 755
32 66 972
32 68 269
32 197 416
32 70 76
32 199 121
32 200 738
32 73 913
32 75 451
32 184 665
32 81 495
32 88 233
32 89 128
32 90 277
32 91 141
32 93 9
32 94 536
32 95 743
32 97 80
32 98 307
32 99 572
32 104 897
32 107 957
32 108 371
32 112 153
32 118 3
32 119 570
32 122 957
32 126 457
33 130 1000
33 134 100
33 136 703
33 137 143
33 149 96
33 152 173
33 154 816
33 155 828
33 176 676
33 157 642
33 159 544
33 161 991
33 34 875
33 37 587
33 166 433
33 167 240
33 40 395
33 41 14
33 42 526
33 44 399
33 48 560
33 49 944
33 190 794
33 51 927
33 53 578
33 55 232
33 185 578
33 60 317
33 62 143
33 63 952
33 192 925
33 199 47
33 194 442
33 67 353
33 196 378
33 197 214
33 71 492
33 72 724
33 73 954
33 75 794
33 81 393
33 85 614
33 87 166
33 89 516
33 165 160
33 91 208
33 92 584
33 200 534
33 97 208
33 98 52
33 101 379
33 102 252
33 104 595
33 105 549
33 106 942
33 107 486
33 168 705
33 111 454
33 112 906
33 169 166
33 116 192
33 191 720
33 170 836
33 123 750
33 124 907
33 125 87
33 126 707
33 128 638
34 129 691
34 130 610
34 131 637
34 133 592
34 136 402
34 139 828
34 140 821
34 193 264
34 142 47
34 145 838
34 149 722
34 150 997
34 151 133
34 154 619
34 157 332
34 161 290
34 162 226
34 35 641
34 36 443
34 37 818
34 38 751
34 169 929
34 42 762
34 171 345
34 44 64
34 173 143
34 174 10
34 175 790
34 49 558
34 51 442
34 53 264
34 55 277
34 56 533
34 58 844
34 189 972
34 191 305
34 192 452
34 65 627
34 194 559
34 195 329
34 196 119
34 69 866
34 183 532
34 73 172
34 74 111
34 184 937
34 78 912
34 79 236
34 86 74
34 89 25
34 90 882
34 91 931
34 92 149
34 93 528
34 94 953
34 96 459
34 166 543
34 99 625
34 100 487
34 101 175
34 104 565
34 106 222
34 197 840
34 110 811
34 112 696
34 181 519
34 117 138
34 118 271
34 119 484
34 170 910
34 122 44
34 123 401
34 128 251
35 130 759
35 131 557
35 133 571
35 137 999
35 138 322
35 139 557
35 140 874
35 143 221
35 181 972
35 146 65
35 147 729
35 196 760
35 151 303
35 153 662
35 154 978
35 155 76
35 156 268
35 157 770
35 158 947
35 186 816
35 161 922
35 162 411
35 163 79
35 36 124
35 37 235
35 167 247
35 168 299
35 41 639
35 170 428
35 43 84
35 172 187
35 45 734
35 174 659
35 47 736
35 48 576
35 177 118
35 178 687
35 51 910
35 180 731
35 53 579
35 182 898
35 55 346
35 57 825
35 58 150
35 187 485
35 169 452
35 61 303
35 62 836
35 64 103
35 68 809
35 198 959
35 199 42
35 72 633
35 73 664
35 74 576
35 76 973
35 79 574
35 81 152
35 82 361
35 86 336
35 165 448
35 88 780
35 90 687
35 91 87
35 92 183
35 93 21
35 95 862
35 99 872
35 188 667
35 102 422
35 103 840
35 179 985
35 106 300
35 107 866
35 108 419
35 111 493
35 190 355
35 113 584
35 114 528
35 116 865
35 122 619
35 123 937
35 125 900
36 129 945
36 130 608
36 132 420
36 134 305
36 194 226
36 140 736
36 142 890
36 145 499
36 146 719
36 147 219
36 148 665
36 154 197
36 156 57
36 157 914
36 158 818
36 159 295
36 38 397
36 42 634
36 171 588
36 172 31
36 45 481
36 46 642
36 48 882
36 50 886
36 53 131
36 54 193
36 55 274
36 184 482
36 185 157
36 186 470
36 187 428
36 189 637
36 66 194
36 67 983
36 68 286
36 69 98
36 70 570
36 71 111
36 200 469
36 195 263
36 74 732
36 75 80
36 176 170
36 77 148
36 80 642
36 87 533
36 89 90
36 91 477
36 183 979
36 94 602
36 96 358
36 166 740
36 99 660
36 101 15
36 196 796
36 105 216
36 108 595
36 114 475
36 119 513
36 125 180
36 127 623
37 129 88
37 130 554
37 131 992
37 134 829
37 135 259
37 138 896
37 139 259
37 199 785
37 141 336
37 144 348
37 149 749
37 150 630
37 155 991
37 176 151
37 157 513
37 164 799
37 165 929
37 38 914
37 39 28
37 169 507
37 43 399
37 172 727
37 173 677
37 174 686
37 175 997
37 48 988
37 177 942
37 50 76
37 179 970
37 53 846
37 55 60
37 188 99
37 192 788
37 193 782
37 66 913
37 67 121
37 69 820
37 71 175
37 200 695
37 73 892
37 74 768
37 76 813
37 78 756
37 82 507
37 87 165
37 89 583
37 90 756
37 91 911
37 93 224
37 166 775
37 100 60
37 167 199
37 105 610
37 110 600
37 112 586
37 116 937
37 123 197
37 171 617
38 130 167
38 132 563
38 135 733
38 140 268
38 142 107
38 147 375
38 150 266
38 151 799
38 153 537
38 158 831
38 161 671
38 162 669
38 39 871
38 42 8
38 44 332
38 46 937
38 175 832
38 176 306
38 49 171
38 179 371
38 180 804
38 55 800
38 185 371
38 60 810
38 61 943
38 191 820
38 192 988
38 194 100
38 67 447
38 70 526
38 71 41
38 72 697
38 75 947
38 76 785
38 77 797
38 78 504
38 80 550
38 83 94
38 88 178
38 90 439
38 93 111
38 94 403
38 95 335
38 104 428
38 172 771
38 111 107
38 113 540
38 114 888
38 115 308
38 121 864
38 125 228
38 127 571
39 131 424
39 134 897
39 194 290
39 137 289
39 138 964
39 141 768
39 142 139
39 143 962
39 144 980
39 147 945
39 148 789
39 149 571
39 174 95
39 152 428
39 153 787
39 155 51
39 156 468
39 158 806
39 159 120
39 160 822
39 198 197
39 167 671
39 41 286
39 45 124
39 46 947
39 48 839
39 49 538
39 52 632
39 53 933
39 182 539
39 55 882
39 184 688
39 185 473
39 186 306
39 187 919
39 60 511
39 189 751
39 190 993
39 191 378
39 66 24
39 196 153
39 69 589
39 183 13
39 200 790
39 169 566
39 76 28
39 77 118
39 82 883
39 83 333
39 85 77
39 90 378
39 92 186
39 101 539
39 106 868
39 107 61
39 108 345
39 109 129
39 111 63
39 114 803
39 115 798
39 117 501
39 120 663
39 121 416
39 123 485
39 124 439
39 126 3
39 127 901
39 128 301
40 131 651
40 132 271
40 133 548
40 134 597
40 136 705
40 138 564
40 140 551
40 141 363
40 142 34
40 143 139
40 144 325
40 145 397
40 197 448
40 155 511
40 156 611
40 157 948
40 160 500
40 163 4
40 164 773
40 168 153
40 170 177
40 44 956
40 173 346
40 46 209
40 178 317
40 179 266
40 180 693
40 53 577
40 55 884
40 56 462
40 58 193
40 61 803
40 62 355
40 191 815
40 66 225
40 195 876
40 69 222
40 70 34
40 200 903
40 73 46
40 74 449
40 75 294
40 76 793
40 88 474
40 89 509
40 90 474
40 94 602
40 97 86
40 98 826
40 99 704
40 104 424
40 107 923
40 108 799
40 111 356
40 114 698
40 116 130
40 118 621
40 126 345
41 129 44
41 130 664
41 133 819
41 173 600
41 139 778
41 140 238
41 141 132
41 146 296
41 196 164
41 151 78
41 153 835
41 154 299
41 156 740
41 159 804
41 198 986
41 164 35
41 168 140
41 169 415
41 45 852
41 46 745
41 48 277
41 177 975
41 52 323
41 55 384
41 184 458
41 57 334
41 186 371
41 59 12
41 60 665
41 63 280
41 64 734
41 66 904
41 67 731
41 68 582
41 69 112
41 70 754
41 199 533
41 72 226
41 74 837
41 75 825
41 77 768
41 191 763
41 82 689
41 83 166
41 85 278
41 87 223
41 89 369
41 92 619
41 95 308
41 183 948
41 97 342
41 98 12
41 101 330
41 104 663
41 105 563
41 106 439
41 107 376
41 108 86
41 114 113
41 116 846
41 118 606
41 121 279
41 122 756
41 124 303
41 125 505
41 126 977
41 127 938
42 129 168
42 130 113
42 134 213
42 138 802
42 140 500
42 145 805
42 148 797
42 150 189
42 153 460
42 155 677
42 157 810
42 158 586
42 159 932
42 160 584
42 164 512
42 165 197
42 167 830
42 168 91
42 170 192
42 172 826
42 173 983
42 174 91
42 47 937
42 48 427
42 50 784
42 51 297
42 180 272
42 53 294
42 181 996
42 59 987
42 60 198
42 189 856
42 191 593
42 64 670
42 194 350
42 196 305
42 197 595
42 198 76
42 75 169
42 76 946
42 77 909
42 78 94
42 84 740
42 97 245
42 98 650
42 100 194
42 101 626
42 102 522
42 179 143
42 106 147
42 108 869
42 112 150
42 113 111
42 114 742
42 115 169
42 116 483
42 117 605
42 118 513
42 119 369
42 120 570
42 126 874
43 193 763
43 134 356
43 135 737
43 139 866
43 142 712
43 144 621
43 145 921
43 146 125
43 149 929
43 150 9
43 152 142
43 154 129
43 155 170
43 156 27
43 157 606
43 158 267
43 160 509
43 161 908
43 162 127
43 168 411
43 169 723
43 171 971
43 174 825
43 47 668
43 178 83
43 179 877
43 181 14
43 56 47
43 185 774
43 186 747
43 59 220
43 189 152
43 191 124
43 64 28
43 65 346
43 67 686
43 196 279
43 197 829
43 73 961
43 76 247
43 77 371
43 79 768
43 81 533
43 82 608
43 85 384
43 86 826
43 187 469
43 100 223
43 103 568
43 105 84
43 195 930
43 107 971
43 109 933
43 110 143
43 111 181
43 113 516
43 114 80
43 116 835
43 121 960
43 122 145
43 123 761
43 124 895
43 125 112
43 126 280
43 128 978
44 129 710
44 132 337
44 138 835
44 141 267
44 143 698
44 145 923
44 175 645
44 154 950
44 155 43
44 161 813
44 162 271
44 165 633
44 166 705
44 167 763
44 168 711
44 169 113
44 171 7
44 172 616
44 45 586
44 47 218
44 48 736
44 50 873
44 51 282
44 52 410
44 182 494
44 56 816
44 185 826
44 189 959
44 62 930
44 194 767
44 67 22
44 197 268
44 198 739
44 199 706
44 73 986
44 178 352
44 75 80
44 184 871
44 78 991
44 80 433
44 89 123
44 90 733
44 92 87
44 94 535
44 100 902
44 101 2
44 102 985
44 104 518
44 109 48
44 110 406
44 111 799
44 190 858
44 117 342
44 122 472
44 124 181
44 126 438
44 127 596
45 130 939
45 133 708
45 135 838
45 136 539
45 141 968
45 145 965
45 146 850
45 147 587
45 153 645
45 156 629
45 157 854
45 160 766
45 161 885
45 162 83
45 181 288
45 165 488
45 166 767
45 167 277
45 168 873
45 170 98
45 171 121
45 172 706
45 47 659
45 49 532
45 50 160
45 51 694
45 53 311
45 54 32
45 184 953
45 58 904
45 60 81
45 189 625
45 193 22
45 65 935
45 66 965
45 197 998
45 70 71
45 71 126
45 72 828
45 178 847
45 83 692
45 84 474
45 92 394
45 93 267
45 100 176
45 107 730
45 108 57
45 111 218
45 114 194
45 116 126
45 120 646
45 126 241
46 180 471
46 139 976
46 141 354
46 142 217
46 147 544
46 148 922
46 151 498
46 154 299
46 157 49
46 160 917
46 198 395
46 166 979
46 167 457
46 178 707
46 169 866
46 170 538
46 171 256
46 172 601
46 173 133
46 174 633
46 47 323
46 176 629
46 50 535
46 52 654
46 181 264
46 55 281
46 56 203
46 186 300
46 62 294
46 63 870
46 64 78
46 66 59
46 67 722
46 70 737
46 200 285
46 73 171
46 74 951
46 184 779
46 79 414
46 84 213
46 85 318
46 87 413
46 88 717
46 89 358
46 93 404
46 94 123
46 100 479
46 104 665
46 195 305
46 107 450
46 192 380
46 111 3
46 112 191
46 113 368
46 191 25
46 190 746
46 120 719
46 124 151
46 125 903
46 128 110
47 130 960
47 132 113
47 138 557
47 139 674
47 140 199
47 141 554
47 142 445
47 146 354
47 152 554
47 154 169
47 155 639
47 156 869
47 157 744
47 160 707
47 163 432
47 164 527
47 166 864
47 167 61
47 168 315
47 170 777
47 172 963
47 173 65
47 174 70
47 49 90
47 178 440
47 52 764
47 53 562
47 54 53
47 181 896
47 59 462
47 61 663
47 190 523
47 191 220
47 64 999
47 65 712
47 66 739
47 67 606
47 68 735
47 182 340
47 200 681
47 73 367
47 74 378
47 77 606
47 79 319
47 80 671
47 81 816
47 84 109
47 85 677
47 89 41
47 90 743
47 93 600
47 94 113
47 95 856
47 100 641
47 101 959
47 102 252
47 189 599
47 107 194
47 108 362
47 109 309
47 111 198
47 117 419
47 120 73
47 122 173
47 123 607
47 192 837
47 125 714
47 126 5
47 128 72
48 193 160
48 131 759
48 132 147
48 134 981
48 135 614
48 138 573
48 143 715
48 145 113
48 151 453
48 152 175
48 158 153
48 159 771
48 161 398
48 162 685
48 166 20
48 167 75
48 175 564
48 179 749
48 55 936
48 56 519
48 185 341
48 58 526
48 187 703
48 61 471
48 190 47
48 64 582
48 65 45
48 67 952
48 70 11
48 199 850
48 72 628
48 76 87
48 78 430
48 79 879
48 80 554
48 83 902
48 85 70
48 186 576
48 92 946
48 95 950
48 96 41
48 98 933
48 99 230
48 102 777
48 107 744
48 108 71
48 109 347
48 112 190
48 113 325
48 114 285
48 115 518
48 118 541
48 121 186
48 192 800
48 125 538
48 184 795
48 128 960
49 129 575
49 130 206
49 139 228
49 193 703
49 142 236
49 143 46
49 144 50
49 146 797
49 148 317
49 149 78
49 152 918
49 154 309
49 156 27
49 157 32
49 159 878
49 160 304
49 163 304
49 165 401
49 169 20
49 171 62
49 172 143
49 173 202
49 50 307
49 53 367
49 55 855
49 56 863
49 57 808
49 58 487
49 187 855
49 191 371
49 64 907
49 65 152
49 195 823
49 69 362
49 183 383
49 71 382
49 200 863
49 75 440
49 184 826
49 78 328
49 80 967
49 82 412
49 83 756
49 84 966
49 85 584
49 86 478
49 87 985
49 186 2
49 198 5
49 95 984
49 112 995
49 119 687
49 127 560
49 128 550
50 129 743
50 130 147
50 131 523
50 194 85
50 137 875
50 138 708
50 140 652
50 141 737
50 142 583
50 143 656
50 144 948
50 148 615
50 149 745
50 150 809
50 197 121
50 162 579
50 199 231
50 169 541
50 171 906
50 172 593
50 173 845
50 51 791
50 180 133
50 181 551
50 54 232
50 55 542
50 185 321
50 58 888
50 59 371
50 188 39
50 189 617
50 190 212
50 191 368
50 64 997
50 66 720
50 69 153
50 71 103
50 73 969
50 78 910
50 79 800
50 81 897
50 83 882
50 85 508
50 186 583
50 90 544
50 91 166
50 95 190
50 96 225
50 97 875
50 99 624
50 101 314
50 103 645
50 104 85
50 107 894
50 108 33
50 109 523
50 192 947
50 112 753
50 113 53
50 118 698
50 124 664
51 130 107
51 131 77
51 197 571
51 134 913
51 137 108
51 139 390
51 140 964
51 193 552
51 145 879
51 148 97
51 149 115
51 152 792
51 154 255
51 156 849
51 159 380
51 198 694
51 161 755
51 163 815
51 164 428
51 167 393
51 169 760
51 170 38
51 171 39
51 175 647
51 177 230
51 178 789
51 53 373
51 54 660
51 55 890
51 57 929
51 181 387
51 60 316
51 63 146
51 182 303
51 65 63
51 67 715
51 69 99
51 70 952
51 71 290
51 73 905
51 75 907
51 78 94
51 80 373
51 85 257
51 87 381
51 96 278
51 98 364
51 100 830
51 105 498
51 106 29
51 108 858
51 109 780
51 110 411
51 113 227
51 117 951
51 118 331
51 119 87
51 121 758
51 192 841
51 126 133
52 132 739
52 134 342
52 194 741
52 137 469
52 142 797
52 144 940
52 145 20
52 147 772
52 189 378
52 157 470
52 162 953
52 168 61
52 170 885
52 173 440
52 174 741
52 178 466
52 180 163
52 54 207
52 185 215
52 58 8
52 187 175
52 188 867
52 61 348
52 62 647
52 63 470
52 193 106
52 66 183
52 195 690
52 69 386
52 70 1000
52 199 463
52 74 542
52 75 272
52 77 368
52 78 650
52 83 603
52 87 972
52 88 926
52 91 200
52 94 785
52 95 292
52 98 175
52 99 669
52 101 352
52 103 767
52 105 49
52 106 426
52 108 155
52 111 650
52 190 756
52 118 499
52 119 401
52 128 631
53 131 823
53 132 120
53 134 378
53 137 814
53 139 487
53 141 513
53 143 569
53 146 291
53 148 233
53 154 168
53 160 780
53 163 975
53 164 1000
53 199 142
53 167 839
53 171 828
53 192 449
53 174 590
53 177 646
53 178 834
53 181 975
53 182 962
53 186 184
53 59 622
53 60 829
53 189 177
53 190 489
53 64 327
53 194 250
53 198 484
53 71 955
53 74 410
53 75 864
53 76 66
53 80 525
53 88 532
53 89 512
53 91 783
53 92 788
53 93 197
53 94 493
53 98 212
53 99 743
53 188 151
53 102 732
53 106 467
53 108 635
53 109 934
53 110 682
53 111 921
53 112 444
53 113 203
53 114 343
53 115 418
53 118 914
53 120 334
53 122 78
53 123 375
53 124 229
53 127 746
54 138 405
54 139 681
54 141 130
54 142 478
54 146 225
54 149 147
54 151 116
54 152 137
54 153 841
54 154 945
54 156 153
54 158 91
54 162 762
54 165 741
54 167 465
54 169 759
54 170 123
54 174 532
54 175 187
54 176 945
54 180 240
54 182 725
54 55 553
54 184 82
54 57 519
54 58 137
54 187 476
54 60 319
54 63 988
54 65 421
54 67 712
54 198 229
54 199 920
54 195 175
54 74 679
54 76 58
54 79 394
54 81 360
54 185 543
54 84 788
54 86 55
54 88 159
54 89 931
54 95 112
54 105 351
54 108 95
54 109 153
54 110 484
54 111 2
54 117 994
54 118 418
54 122 301
54 126 811
54 128 300
55 131 33
55 132 373
55 136 920
55 141 596
55 142 143
55 144 473
55 146 317
55 196 309
55 153 356
55 154 439
55 158 675
55 160 252
55 163 932
55 166 832
55 170 676
55 171 987
55 172 104
55 173 520
55 174 385
55 180 938
55 181 601
55 182 472
55 184 925
55 57 740
55 58 759
55 60 91
55 61 872
55 190 682
55 191 435
55 64 462
55 193 173
55 66 606
55 68 785
55 198 618
55 71 788
55 72 880
55 73 203
55 75 986
55 77 907
55 78 822
55 79 841
55 80 547
55 83 373
55 88 427
55 92 24
55 94 735
55 200 453
55 98 471
55 100 805
55 103 887
55 105 206
55 189 894
55 109 967
55 111 942
55 112 176
55 113 182
55 115 904
55 117 758
55 188 258
55 120 596
55 192 750
55 125 352
56 131 526
56 133 347
56 194 711
56 138 469
56 141 649
56 142 707
56 143 778
56 152 713
56 157 184
56 198 384
56 162 130
56 164 662
56 165 571
56 166 588
56 168 175
56 169 16
56 174 759
56 182 315
56 183 588
56 186 671
56 190 523
56 64 933
56 65 126
56 66 493
56 195 547
56 68 79
56 70 804
56 199 896
56 72 759
56 73 428
56 78 955
56 80 765
56 81 110
56 82 98
56 83 779
56 84 381
56 86 379
56 88 81
56 90 556
56 92 596
56 93 900
56 95 691
56 97 454
56 101 218
56 103 301
56 105 715
56 108 262
56 109 254
56 112 826
56 114 228
56 115 443
56 116 821
56 119 716
56 120 924
56 192 544
56 125 797
56 126 581
56 127 629
56 128 960
57 131 435
57 134 20
57 135 871
57 136 446
57 137 523
57 141 313
57 195 524
57 143 880
57 145 204
57 146 103
57 149 132
57 152 646
57 157 88
57 161 261
57 162 846
57 164 114
57 167 287
57 168 912
57 169 759
57 171 586
57 173 593
57 174 490
57 175 546
57 177 156
57 178 254
57 183 802
57 185 140
57 59 165
57 60 326
57 62 186
57 63 68
57 192 194
57 193 941
57 194 15
57 67 349
57 68 976
57 70 156
57 72 196
57 74 366
57 75 771
57 76 736
57 77 975
57 79 699
57 80 577
57 84 492
57 87 472
57 88 988
57 89 623
57 92 651
57 95 976
57 96 659
57 97 139
57 98 828
57 99 675
57 101 445
57 102 905
57 103 353
57 104 821
57 108 610
57 111 490
57 112 495
57 113 207
57 115 164
57 190 838
57 122 91
57 123 975
57 127 520
58 129 622
58 193 865
58 138 951
58 139 573
58 145 630
58 149 249
58 152 9
58 153 307
58 197 415
58 155 571
58 156 811
58 157 603
58 158 836
58 159 634
58 165 354
58 168 68
58 169 530
58 173 315
58 174 580
58 176 266
58 177 435
58 181 181
58 183 804
58 184 394
58 187 108
58 60 657
58 61 739
58 64 398
58 65 477
58 194 177
58 68 516
58 69 209
58 198 605
58 199 704
58 200 542
58 78 520
58 79 784
58 81 775
58 83 478
58 84 842
58 85 673
58 86 113
58 88 187
58 89 58
58 91 70
58 94 648
58 97 769
58 99 746
58 188 937
58 101 721
58 102 400
58 103 197
58 104 782
58 189 48
58 109 248
58 110 843
58 113 917
58 122 887
58 124 333
58 128 917
59 131 778
59 132 488
59 134 295
59 135 149
59 136 908
59 137 590
59 139 663
59 140 729
59 145 491
59 148 808
59 151 535
59 153 805
59 156 440
59 157 495
59 161 269
59 165 1
59 166 735
59 170 288
59 173 700
59 175 326
59 177 513
59 178 128
59 183 652
59 184 693
59 185 969
59 187 682
59 189 776
59 190 810
59 63 656
59 193 273
59 194 1000
59 196 68
59 71 120
59 73 699
59 77 899
59 83 529
59 85 608
59 86 527
59 87 499
59 90 942
59 91 799
59 92 106
59 93 850
59 97 987
59 99 529
59 101 497
59 104 838
59 105 729
59 106 86
59 108 792
59 111 656
59 112 574
59 113 252
59 116 407
59 118 800
59 119 772
59 123 969
59 126 761
60 129 35
60 130 815
60 133 128
60 136 22
60 138 662
60 139 768
60 140 88
60 143 81
60 149 219
60 151 936
60 155 922
60 157 62
60 158 427
60 160 965
60 166 627
60 169 94
60 174 747
60 175 123
60 176 929
60 178 853
60 181 513
60 183 717
60 187 885
60 62 595
60 64 303
60 193 961
60 194 49
60 68 276
60 197 553
60 70 381
60 199 823
60 200 644
60 76 181
60 83 903
60 84 315
60 85 494
60 86 536
60 89 713
60 92 5
60 94 183
60 95 13
60 96 477
60 99 202
60 101 132
60 102 454
60 104 416
60 107 470
60 108 299
60 110 552
60 116 644
60 117 508
60 121 197
60 122 65
60 125 368
60 126 898
61 130 736
61 142 664
61 144 778
61 145 263
61 147 260
61 152 273
61 154 781
61 158 607
61 159 225
61 198 51
61 164 283
61 165 88
61 168 792
61 169 198
61 172 426
61 173 17
61 176 897
61 177 736
61 181 126
61 182 517
61 183 242
61 184 52
61 185 172
61 186 780
61 189 621
61 63 955
61 194 820
61 197 8
61 70 127
61 74 669
61 75 269
61 76 41
61 191 19
61 81 948
61 82 248
61 83 924
61 84 314
61 87 514
61 91 665
61 93 894
61 94 540
61 95 448
61 98 436
61 100 235
61 101 841
61 106 878
61 113 351
61 114 918
61 115 750
61 116 874
61 117 598
61 118 798
61 123 961
61 127 914
62 130 406
62 136 562
62 138 891
62 142 466
62 143 392
62 147 344
62 152 988
62 160 254
62 165 648
62 168 970
62 169 745
62 200 732
62 178 628
62 179 972
62 181 333
62 182 126
62 187 873
62 188 859
62 191 907
62 67 618
62 70 623
62 72 410
62 75 31
62 82 646
62 83 970
62 93 145
62 97 159
62 99 832
62 101 383
62 103 123
62 106 207
62 110 591
62 111 400
62 113 953
62 116 227
62 121 855
62 123 233
62 124 114
62 125 467
63 132 334
63 137 910
63 141 766
63 143 103
63 144 611
63 145 123
63 148 270
63 155 525
63 159 264
63 164 217
63 166 380
63 170 25
63 173 875
63 177 989
63 182 511
63 184 636
63 186 410
63 189 970
63 190 792
63 64 80
63 193 525
63 194 938
63 68 893
63 69 215
63 198 730
63 71 839
63 74 155
63 79 321
63 81 223
63 83 915
63 86 965
63 90 245
63 93 876
63 98 606
63 99 390
63 101 925
63 196 814
63 105 532
63 192 485
63 114 160
63 116 524
63 117 776
63 118 974
63 122 306
63 124 963
63 128 916
64 132 313
64 133 703
64 138 907
64 143 134
64 144 141
64 146 266
64 150 784
64 152 735
64 154 659
64 157 268
64 159 507
64 163 216
64 165 118
64 166 296
64 170 977
64 171 583
64 172 266
64 178 901
64 182 238
64 183 391
64 190 709
64 199 406
64 194 919
64 196 278
64 69 205
64 71 260
64 72 129
64 73 982
64 75 886
64 76 752
64 78 520
64 79 938
64 82 680
64 83 399
64 90 381
64 200 475
64 99 681
64 102 11
64 104 761
64 107 458
64 109 857
64 110 442
64 111 458
64 112 917
64 113 67
64 116 643
64 117 179
64 118 676
64 119 3
64 120 5
64 123 571
65 131 553
65 133 526
65 135 708
65 142 298
65 143 262
65 155 846
65 156 755
65 157 489
65 160 906
65 162 86
65 166 657
65 167 895
65 200 73
65 175 936
65 178 468
65 179 126
65 181 375
65 182 67
65 184 147
65 187 440
65 189 966
65 66 350
65 68 322
65 72 917
65 77 659
65 80 396
65 81 80
65 83 433
65 84 909
65 85 388
65 94 17
65 101 360
65 104 830
65 105 320
65 107 949
65 108 989
65 111 696
65 112 437
65 116 939
65 118 787
65 119 595
65 120 70
65 121 52
65 123 826
65 124 561
65 125 280
65 127 463
65 128 929
66 130 46
66 142 931
66 144 927
66 145 873
66 147 744
66 149 468
66 155 183
66 156 50
66 160 625
66 163 650
66 164 528
66 165 230
66 168 562
66 170 2
66 171 343
66 200 302
66 174 250
66 175 309
66 177 286
66 184 498
66 186 177
66 187 513
66 188 411
66 190 365
66 191 738
66 193 359
66 67 208
66 68 494
66 69 957
66 70 704
66 71 320
66 72 65
66 73 870
66 74 990
66 77 332
66 80 699
66 84 542
66 87 975
66 89 213
66 90 727
66 96 19
66 97 99
66 98 367
66 99 645
66 102 807
66 105 587
66 106 572
66 108 42
66 109 600
66 111 595
66 113 324
66 115 169
66 118 713
66 119 948
66 122 847
66 126 696
66 127 536
66 128 571
67 133 806
67 134 225
67 142 680
67 152 874
67 153 864
67 156 365
67 160 102
67 162 680
67 163 776
67 164 675
67 168 78
67 169 813
67 170 437
67 171 883
67 174 596
67 183 24
67 185 953
67 187 621
67 191 10
67 192 804
67 193 62
67 194 652
67 68 642
67 70 545
67 199 642
67 72 380
67 75 601
67 76 142
67 77 441
67 78 101
67 80 338
67 81 943
67 82 884
67 88 786
67 89 696
67 90 162
67 91 405
67 93 480
67 94 38
67 96 905
67 99 168
67 103 537
67 104 805
67 108 141
67 109 78
67 112 873
67 113 429
67 116 775
67 121 424
67 123 521
67 124 569
67 125 123
67 127 495
67 128 523
68 130 187
68 137 28
68 143 494
68 144 819
68 145 936
68 146 313
68 149 219
68 150 365
68 151 836
68 152 864
68 156 292
68 163 153
68 164 173
68 165 421
68 166 198
68 170 553
68 171 468
68 175 123
68 177 763
68 191 415
68 195 57
68 69 203
68 70 249
68 77 509
68 80 770
68 88 531
68 89 750
68 91 694
68 92 657
68 93 218
68 98 13
68 100 253
68 105 552
68 106 701
68 107 63
68 110 652
68 115 197
68 116 749
68 117 202
68 120 745
68 122 659
68 123 663
68 126 624
68 128 693
69 129 639
69 131 549
69 137 609
69 139 697
69 141 580
69 142 174
69 146 603
69 148 920
69 152 33
69 153 677
69 154 383
69 156 498
69 158 837
69 160 369
69 162 664
69 164 482
69 166 220
69 168 728
69 171 814
69 173 76
69 174 333
69 180 245
69 181 987
69 183 286
69 185 969
69 186 273
69 188 609
69 190 146
69 191 704
69 193 590
69 194 871
69 196 25
69 197 926
69 198 560
69 71 365
69 78 994
69 81 361
69 82 185
69 88 136
69 91 367
69 92 359
69 100 761
69 101 103
69 104 477
69 105 836
69 106 421
69 114 785
69 115 821
69 116 855
69 118 830
69 120 155
69 121 532
69 124 486
69 125 141
70 130 919
70 131 659
70 132 321
70 134 630
70 136 352
70 140 842
70 146 335
70 154 157
70 160 893
70 162 554
70 163 43
70 164 996
70 172 551
70 174 574
70 175 755
70 176 420
70 181 155
70 185 700
70 188 982
70 190 469
70 191 938
70 192 842
70 193 761
70 194 696
70 197 665
70 198 776
70 71 858
70 72 535
70 77 245
70 79 758
70 80 656
70 81 625
70 83 42
70 84 381
70 87 607
70 90 304
70 91 216
70 94 969
70 95 755
70 96 221
70 98 899
70 101 321
70 109 744
70 110 339
70 113 740
70 115 530
70 119 709
70 120 409
71 130 71
71 131 498
71 134 756
71 135 122
71 138 790
71 139 930
71 143 41
71 144 671
71 146 155
71 149 64
71 150 453
71 151 140
71 152 26
71 154 676
71 162 389
71 163 558
71 167 212
71 168 154
71 169 414
71 176 788
71 178 50
71 180 532
71 184 478
71 186 663
71 187 829
71 189 434
71 194 362
71 196 651
71 199 832
71 74 789
71 76 892
71 79 748
71 80 573
71 83 639
71 84 307
71 85 980
71 89 792
71 90 504
71 91 753
71 92 551
71 96 294
71 98 216
71 105 679
71 106 48
71 107 353
71 108 900
71 109 340
71 112 754
71 113 601
71 118 379
71 119 35
71 121 621
71 126 417
71 128 552
72 130 342
72 131 953
72 132 591
72 134 863
72 138 499
72 140 427
72 142 479
72 143 474
72 144 826
72 145 182
72 147 624
72 154 377
72 156 358
72 157 448
72 160 419
72 162 914
72 164 622
72 165 115
72 167 328
72 168 399
72 169 404
72 172 520
72 176 248
72 177 807
72 178 781
72 179 562
72 184 340
72 185 675
72 187 527
72 191 750
72 192 572
72 195 284
72 196 517
72 197 575
72 198 611
72 199 859
72 73 350
72 74 61
72 76 358
72 77 624
72 78 78
72 79 929
72 80 290
72 81 548
72 86 907
72 87 237
72 91 103
72 92 217
72 93 987
72 95 15
72 104 495
72 105 887
72 107 859
72 109 479
72 116 192
72 119 420
72 125 150
72 128 536
73 129 72
73 134 650
73 135 117
73 136 931
73 138 932
73 142 299
73 144 951
73 145 668
73 147 474
73 149 916
73 151 821
73 156 116
73 160 709
73 161 642
73 164 17
73 167 919
73 173 340
73 175 679
73 177 769
73 182 12
73 184 637
73 186 712
73 187 292
73 188 177
73 189 600
73 190 91
73 193 865
73 197 251
73 198 919
73 74 324
73 75 760
73 80 498
73 82 736
73 83 607
73 87 949
73 89 773
73 90 97
73 92 513
73 100 394
73 103 700
73 105 649
73 107 398
73 112 532
73 114 994
73 115 404
73 117 86
73 118 803
73 119 264
73 123 417
73 126 700
73 128 693
74 130 952
74 131 508
74 134 786
74 140 943
74 143 440
74 144 140
74 145 470
74 148 464
74 149 955
74 158 599
74 162 735
74 165 443
74 168 406
74 169 429
74 172 459
74 173 161
74 175 816
74 179 211
74 180 376
74 182 34
74 183 781
74 184 45
74 185 307
74 187 254
74 193 579
74 195 460
74 196 954
74 197 543
74 198 969
74 199 703
74 200 297
74 75 386
74 80 584
74 82 114
74 83 445
74 84 715
74 86 238
74 87 948
74 88 985
74 95 634
74 96 258
74 97 277
74 101 973
74 110 395
74 111 690
74 112 411
74 114 270
74 117 100
74 118 640
74 121 923
74 122 442
74 124 770
74 126 914
74 127 967
74 128 608
75 129 620
75 133 30
75 136 98
75 143 165
75 148 351
75 153 889
75 154 344
75 155 68
75 156 773
75 162 947
75 164 847
75 170 227
75 171 854
75 172 830
75 174 548
75 176 443
75 177 867
75 179 298
75 185 914
75 188 521
75 189 200
75 192 989
75 193 646
75 194 272
75 195 966
75 196 148
75 198 476
75 76 750
75 78 585
75 82 839
75 83 328
75 84 353
75 85 580
75 87 223
75 88 787
75 90 163
75 98 832
75 99 723
75 100 815
75 101 690
75 103 924
75 105 725
75 110 275
75 111 119
75 113 354
75 114 176
75 120 177
75 121 548
75 122 222
75 123 392
75 125 507
75 127 549
75 128 999
76 129 133
76 131 358
76 133 295
76 134 670
76 137 131
76 138 550
76 140 517
76 145 21
76 151 80
76 157 136
76 159 850
76 160 335
76 162 580
76 164 372
76 165 229
76 166 203
76 167 255
76 168 580
76 171 608
76 172 346
76 175 120
76 177 912
76 178 697
76 179 190
76 180 954
76 181 289
76 182 432
76 183 656
76 185 667
76 188 219
76 189 975
76 191 172
76 195 917
76 198 387
76 82 106
76 83 496
76 86 321
76 90 827
76 92 800
76 94 932
76 97 992
76 101 813
76 104 756
76 105 820
76 109 268
76 113 389
76 115 579
76 118 624
76 122 167
76 123 562
76 125 180
76 127 40
76 128 910
77 129 333
77 133 876
77 134 589
77 137 484
77 144 71
77 145 197
77 147 915
77 149 440
77 152 637
77 155 765
77 156 644
77 158 608
77 159 365
77 160 612
77 162 83
77 164 831
77 167 415
77 170 851
77 174 232
77 175 545
77 176 257
77 184 967
77 188 259
77 190 590
77 191 98
77 192 639
77 195 855
77 197 98
77 198 225
77 199 850
77 200 952
77 78 955
77 80 192
77 82 255
77 83 992
77 87 53
77 89 737
77 92 191
77 94 914
77 96 415
77 97 663
77 100 720
77 103 352
77 107 399
77 111 425
77 116 314
77 117 149
77 118 843
77 119 547
77 121 193
77 122 390
77 123 764
77 125 296
77 128 857
78 130 16
78 132 399
78 133 796
78 134 365
78 138 515
78 140 684
78 143 214
78 146 649
78 147 981
78 157 595
78 159 8
78 163 915
78 164 954
78 174 186
78 177 716
78 180 123
78 182 217
78 185 221
78 186 475
78 187 403
78 191 640
78 193 929
78 197 309
78 198 269
78 199 341
78 79 122
78 87 905
78 95 427
78 100 875
78 102 734
78 104 371
78 105 593
78 106 86
78 110 667
78 111 103
78 112 284
78 113 454
78 114 715
78 115 575
78 118 543
78 119 985
78 121 115
78 122 995
78 123 525
78 124 515
78 125 942
79 129 444
79 131 583
79 133 190
79 135 481
79 138 246
79 140 708
79 141 278
79 142 37
79 145 504
79 146 527
79 147 569
79 150 306
79 153 931
79 157 461
79 158 343
79 167 908
79 168 952
79 169 525
79 172 542
79 174 870
79 175 53
79 177 493
79 178 304
79 182 155
79 186 762
79 187 195
79 188 853
79 190 493
79 195 540
79 200 496
79 81 287
79 84 643
79 85 185
79 86 235
79 88 569
79 90 463
79 94 709
79 95 865
79 96 783
79 97 762
79 101 269
79 102 578
79 103 301
79 107 159
79 109 48
79 114 954
79 115 723
79 116 466
79 122 363
79 125 447
80 130 655
80 131 198
80 133 722
80 134 154
80 136 587
80 137 571
80 140 69
80 141 447
80 144 99
80 148 338
80 150 367
80 151 416
80 152 261
80 155 718
80 157 527
80 160 902
80 161 706
80 166 774
80 172 533
80 173 638
80 174 195
80 177 378
80 179 777
80 184 631
80 186 269
80 190 615
80 191 382
80 194 886
80 199 375
80 81 888
80 83 119
80 85 332
80 86 15
80 91 874
80 93 871
80 94 333
80 95 279
80 100 796
80 103 753
80 107 594
80 108 413
80 109 286
80 111 275
80 112 89
80 113 319
80 114 988
80 116 222
80 123 993
80 126 542
80 127 94
80 128 257
81 129 528
81 134 538
81 138 719
81 144 139
81 146 245
81 147 994
81 149 454
81 152 150
81 155 182
81 158 314
81 159 820
81 161 525
81 162 431
81 163 869
81 164 798
81 170 489
81 172 930
81 175 721
81 176 135
81 179 503
81 181 761
81 182 830
81 184 934
81 185 291
81 189 13
81 193 552
81 194 82
81 195 571
81 196 283
81 198 398
81 85 683
81 93 104
81 94 668
81 95 469
81 99 863
81 100 665
81 101 928
81 102 240
81 104 554
81 106 667
81 113 482
81 119 467
81 120 406
81 124 932
81 128 966
82 129 899
82 133 99
82 136 485
82 138 930
82 140 197
82 142 878
82 144 350
82 146 851
82 149 429
82 152 257
82 154 258
82 156 575
82 157 417
82 159 485
82 160 287
82 162 758
82 166 710
82 169 789
82 171 749
82 174 576
82 175 235
82 179 478
82 180 27
82 182 415
82 185 857
82 186 498
82 189 262
82 192 137
82 193 992
82 196 426
82 197 391
82 200 396
82 86 3
82 88 395
82 89 487
82 90 746
82 94 78
82 96 949
82 97 389
82 98 784
82 100 515
82 105 586
82 107 645
82 111 253
82 112 864
82 114 190
82 117 282
82 118 181
82 119 295
82 124 451
82 127 798
82 128 941
83 132 844
83 134 151
83 135 559
83 139 967
83 143 475
83 146 836
83 147 589
83 149 423
83 156 428
83 158 432
83 163 523
83 165 100
83 183 681
83 184 75
83 185 830
83 189 925
83 192 839
83 194 920
83 86 72
83 87 112
83 89 905
83 90 2
83 94 354
83 95 171
83 96 50
83 99 135
83 100 670
83 102 495
83 104 759
83 105 859
83 106 565
83 107 33
83 108 45
83 110 303
83 115 54
83 116 394
83 118 277
83 119 777
83 120 152
83 122 420
83 128 165
84 129 454
84 131 565
84 136 646
84 137 175
84 138 102
84 139 439
84 141 767
84 142 44
84 143 195
84 148 968
84 149 615
84 153 775
84 155 162
84 159 853
84 161 231
84 165 982
84 169 719
84 170 696
84 173 781
84 175 472
84 177 382
84 180 238
84 182 340
84 188 11
84 193 827
84 195 135
84 85 581
84 86 108
84 87 961
84 88 37
84 92 847
84 93 196
84 94 313
84 96 31
84 98 115
84 99 19
84 110 762
84 113 755
84 116 546
84 117 243
84 119 556
84 121 16
84 122 405
84 123 351
84 128 69
85 136 566
85 137 273
85 140 734
85 143 774
85 145 311
85 147 832
85 149 10
85 151 994
85 152 185
85 153 978
85 155 325
85 157 782
85 164 87
85 167 211
85 168 140
85 173 565
85 174 478
85 175 867
85 181 166
85 183 30
85 184 574
85 187 960
85 191 368
85 194 724
85 197 412
85 198 233
85 87 769
85 89 51
85 91 951
85 103 800
85 104 91
85 105 432
85 110 284
85 114 404
85 116 544
85 118 547
85 119 928
85 121 868
85 122 685
85 123 72
85 126 333
86 130 413
86 131 326
86 134 751
86 135 143
86 139 13
86 140 551
86 146 804
86 151 261
86 157 337
86 158 416
86 160 897
86 163 83
86 164 161
86 168 455
86 169 559
86 173 512
86 179 880
86 186 892
86 187 180
86 200 880
86 93 599
86 96 810
86 97 646
86 101 227
86 102 675
86 105 605
86 106 335
86 107 739
86 108 179
86 110 13
86 113 264
86 114 141
86 116 142
86 117 587
86 118 388
86 124 457
86 125 377
87 131 747
87 134 567
87 135 488
87 136 589
87 138 126
87 141 165
87 145 416
87 150 227
87 153 739
87 154 269
87 156 374
87 158 360
87 162 204
87 165 258
87 166 879
87 167 528
87 171 644
87 175 313
87 180 162
87 186 593
87 190 563
87 191 996
87 194 477
87 195 774
87 196 689
87 198 43
87 88 714
87 89 40
87 90 156
87 97 25
87 98 73
87 99 999
87 100 631
87 103 660
87 104 594
87 106 516
87 107 806
87 108 725
87 111 672
87 113 225
87 117 693
87 118 3
87 119 181
87 126 69
87 128 284
88 130 548
88 131 78
88 135 586
88 136 668
88 137 892
88 139 742
88 141 886
88 142 418
88 143 70
88 146 301
88 147 161
88 149 799
88 151 656
88 156 165
88 157 481
88 158 405
88 159 428
88 160 240
88 161 906
88 162 116
88 165 679
88 168 34
88 171 399
88 172 252
88 176 994
88 177 747
88 178 385
88 183 635
88 185 306
88 195 272
88 198 114
88 89 60
88 90 560
88 96 920
88 97 52
88 98 124
88 99 346
88 100 766
88 107 102
88 111 956
88 113 294
88 114 450
88 115 601
88 117 578
88 118 93
88 120 993
88 122 369
89 129 755
89 134 390
89 137 396
89 138 725
89 139 267
89 141 532
89 142 755
89 144 36
89 148 49
89 154 212
89 157 285
89 159 663
89 161 876
89 163 307
89 166 576
89 167 687
89 168 715
89 173 983
89 181 272
89 182 200
89 184 347
89 185 903
89 187 179
89 188 565
89 192 329
89 198 978
89 91 752
89 93 982
89 96 717
89 101 212
89 102 545
89 107 988
89 108 258
89 116 466
89 117 92
89 122 246
89 124 395
89 125 379
89 126 337
89 127 535
90 129 245
90 133 513
90 137 788
90 138 916
90 141 311
90 144 727
90 146 195
90 152 943
90 154 405
90 155 729
90 159 544
90 160 575
90 162 320
90 163 881
90 171 969
90 172 879
90 173 211
90 180 754
90 181 435
90 182 967
90 186 832
90 194 867
90 196 552
90 197 898
90 199 529
90 93 819
90 94 481
90 101 421
90 106 463
90 108 797
90 109 132
90 112 29
90 114 938
90 115 224
90 116 892
90 119 942
90 120 486
90 121 515
90 126 966
91 130 356
91 131 470
91 133 256
91 135 712
91 136 89
91 138 303
91 142 99
91 143 879
91 145 711
91 146 170
91 147 448
91 149 51
91 152 314
91 153 504
91 154 952
91 156 25
91 159 182
91 160 615
91 162 305
91 169 663
91 172 489
91 175 193
91 177 575
91 178 691
91 180 656
91 183 136
91 190 152
91 196 124
91 197 226
91 199 231
91 92 28
91 93 14
91 95 939
91 104 471
91 108 170
91 112 762
91 113 974
91 116 525
91 117 539
91 119 352
91 121 917
91 122 919
91 124 859
91 126 236
91 127 984
92 129 745
92 130 787
92 134 11
92 137 753
92 143 956
92 146 924
92 147 885
92 150 5
92 151 886
92 153 26
92 156 878
92 157 809
92 163 503
92 165 280
92 168 73
92 169 527
92 173 176
92 174 29
92 181 811
92 183 708
92 184 438
92 185 247
92 186 836
92 187 684
92 190 249
92 194 738
92 198 812
92 200 258
92 93 114
92 94 894
92 95 694
92 98 315
92 99 578
92 101 589
92 102 555
92 104 36
92 108 739
92 110 727
92 111 518
92 120 515
92 122 564
92 125 819
92 127 852
93 130 127
93 131 37
93 135 307
93 138 323
93 140 771
93 141 595
93 144 948
93 145 404
93 146 328
93 149 252
93 151 948
93 153 716
93 154 16
93 155 920
93 158 929
93 161 837
93 162 459
93 163 36
93 165 193
93 167 723
93 168 209
93 169 192
93 170 800
93 172 116
93 173 288
93 175 229
93 176 708
93 178 778
93 180 693
93 182 12
93 183 689
93 191 954
93 193 176
93 195 983
93 197 910
93 199 366
93 200 42
93 94 59
93 96 462
93 97 163
93 98 454
93 99 173
93 101 650
93 106 203
93 108 561
93 112 23
93 119 732
93 123 730
93 124 798
94 129 204
94 131 706
94 132 809
94 133 602
94 137 182
94 138 379
94 139 390
94 141 468
94 142 662
94 145 889
94 147 889
94 149 603
94 151 896
94 154 44
94 155 264
94 157 223
94 158 287
94 166 647
94 168 478
94 169 816
94 173 513
94 178 231
94 183 970
94 190 658
94 193 466
94 194 322
94 196 272
94 198 452
94 199 784
94 200 473
94 95 413
94 96 941
94 97 363
94 100 851
94 101 103
94 110 60
94 111 275
94 114 117
94 117 9
94 119 126
94 120 696
94 122 211
94 123 369
95 133 405
95 136 334
95 138 181
95 141 820
95 143 856
95 145 314
95 147 39
95 152 216
95 153 812
95 155 257
95 156 32
95 159 529
95 160 702
95 163 212
95 164 939
95 167 649
95 170 600
95 171 827
95 175 345
95 183 457
95 184 252
95 185 655
95 194 973
95 196 456
95 199 344
95 200 964
95 97 394
95 99 2
95 101 407
95 108 279
95 110 267
95 113 384
95 114 980
95 120 294
95 126 593
95 128 540
96 132 862
96 133 731
96 134 799
96 137 570
96 140 159
96 145 229
96 152 23
96 153 624
96 154 444
96 157 187
96 158 278
96 162 302
96 165 457
96 169 141
96 171 697
96 173 603
96 174 589
96 175 284
96 176 560
96 180 155
96 182 252
96 183 109
96 184 153
96 186 737
96 187 37
96 189 559
96 190 830
96 192 149
96 193 95
96 196 596
96 199 431
96 200 439
96 98 103
96 99 32
96 100 365
96 107 700
96 108 657
96 111 943
96 112 128
96 113 639
96 114 441
96 116 845
96 118 242
96 121 611
96 122 686
96 126 732
97 129 366
97 130 704
97 131 138
97 132 148
97 133 505
97 134 467
97 136 9
97 138 637
97 139 974
97 141 117
97 142 767
97 152 341
97 153 642
97 156 243
97 159 923
97 162 34
97 164 784
97 165 458
97 166 276
97 171 146
97 176 370
97 177 682
97 178 107
97 180 262
97 182 324
97 187 882
97 188 456
97 189 833
97 191 622
97 195 582
97 197 5
97 100 953
97 103 454
97 105 434
97 106 29
97 110 18
97 111 648
97 112 886
97 114 922
97 116 80
97 118 780
97 125 708
98 129 699
98 130 806
98 138 430
98 139 2
98 141 881
98 144 968
98 146 116
98 152 893
98 154 113
98 160 42
98 163 99
98 169 174
98 171 434
98 172 82
98 175 184
98 178 538
98 180 561
98 186 204
98 187 854
98 189 500
98 191 800
98 193 151
98 195 355
98 196 969
98 198 695
98 101 969
98 104 11
98 106 867
98 110 86
98 111 67
98 112 6
98 113 188
98 116 154
98 117 818
98 121 436
98 122 755
98 123 935
98 126 297
99 132 110
99 133 147
99 135 136
99 136 81
99 138 23
99 143 984
99 146 829
99 147 75
99 148 72
99 149 366
99 151 475
99 152 981
99 155 967
99 156 130
99 159 907
99 160 895
99 161 79
99 163 386
99 164 736
99 165 717
99 167 36
99 170 660
99 172 109
99 173 627
99 175 841
99 176 306
99 177 449
99 179 628
99 181 858
99 186 870
99 188 295
99 190 796
99 192 920
99 194 442
99 196 168
99 197 353
99 199 858
99 200 479
99 101 24
99 102 796
99 104 941
99 108 39
99 109 350
99 110 408
99 113 699
99 114 815
99 115 812
99 120 505
99 123 334
99 125 944
99 127 527
100 131 154
100 133 333
100 136 412
100 142 691
100 143 877
100 145 280
100 147 585
100 149 299
100 151 53
100 152 407
100 156 378
100 157 574
100 158 47
100 163 139
100 165 887
100 166 238
100 168 685
100 173 585
100 178 139
100 180 940
100 181 136
100 183 671
100 185 743
100 188 819
100 191 369
100 196 386
100 197 850
100 200 533
100 102 141
100 103 126
100 106 511
100 107 18
100 110 35
100 111 733
100 113 600
100 114 728
100 115 933
100 118 297
100 119 52
100 120 365
100 121 189
100 122 588
100 123 745
100 124 772
100 126 457
101 129 320
101 131 327
101 132 461
101 136 928
101 137 402
101 140 631
101 144 294
101 147 989
101 152 730
101 154 1
101 158 941
101 159 287
101 161 523
101 163 212
101 169 465
101 171 326
101 179 661
101 188 215
101 194 276
101 196 714
101 198 323
101 199 396
101 103 122
101 104 534
101 105 271
101 107 561
101 108 40
101 109 478
101 110 636
101 113 556
101 116 520
101 119 493
101 121 976
101 122 295
101 125 993
102 129 93
102 132 680
102 133 283
102 134 188
102 135 553
102 140 299
102 143 566
102 144 734
102 145 305
102 147 225
102 150 922
102 156 704
102 162 166
102 164 567
102 165 214
102 171 955
102 173 515
102 175 896
102 176 939
102 180 802
102 181 310
102 182 736
102 183 963
102 184 978
102 185 138
102 189 5
102 190 699
102 191 839
102 195 872
102 196 207
102 200 607
102 103 873
102 104 598
102 106 609
102 111 186
102 112 341
102 115 392
102 117 296
102 118 674
102 121 279
102 123 803
102 125 2
102 128 514
103 130 983
103 132 531
103 134 234
103 135 398
103 143 733
103 144 269
103 151 963
103 154 586
103 156 63
103 167 633
103 168 541
103 179 859
103 180 356
103 181 157
103 182 998
103 184 518
103 196 805
103 199 127
103 105 720
103 106 149
103 107 757
103 108 196
103 109 587
103 111 484
103 112 18
103 113 426
103 116 573
103 121 190
103 122 296
104 136 467
104 139 734
104 145 648
104 148 47
104 149 954
104 151 745
104 153 507
104 158 621
104 160 308
104 164 960
104 167 72
104 168 656
104 171 324
104 172 975
104 174 211
104 177 758
104 178 827
104 180 208
104 187 286
104 193 942
104 196 139
104 197 33
104 108 567
104 110 421
104 111 867
104 112 156
104 114 868
104 118 117
104 119 640
104 120 111
104 121 483
104 123 987
104 124 772
105 129 957
105 134 491
105 135 71
105 137 553
105 139 62
105 141 368
105 143 769
105 148 281
105 149 262
105 154 349
105 168 504
105 169 509
105 170 232
105 171 296
105 173 925
105 176 411
105 178 316
105 180 474
105 185 402
105 186 806
105 187 868
105 188 739
105 193 613
105 194 8
105 196 163
105 199 123
105 113 859
105 114 908
105 115 150
105 120 624
105 121 181
105 123 953
105 127 462
105 128 109
106 129 396
106 130 819
106 131 716
106 132 190
106 133 876
106 134 401
106 139 34
106 140 978
106 144 184
106 145 854
106 148 737
106 151 317
106 157 361
106 160 767
106 165 419
106 167 415
106 168 963
106 171 46
106 172 959
106 174 931
106 175 256
106 176 469
106 178 392
106 182 125
106 183 678
106 184 778
106 196 175
106 107 681
106 114 870
106 116 709
106 117 909
106 118 65
106 123 98
106 124 81
106 128 696
107 130 234
107 131 459
107 133 719
107 134 333
107 135 197
107 137 855
107 141 202
107 142 938
107 149 632
107 150 211
107 151 288
107 152 756
107 156 988
107 159 700
107 162 766
107 170 462
107 175 342
107 176 826
107 177 121
107 184 301
107 186 479
107 187 781
107 189 408
107 190 608
107 193 928
107 194 146
107 196 840
107 200 461
107 112 60
107 113 638
107 116 272
107 117 170
107 123 627
107 124 518
107 128 926
108 132 568
108 133 757
108 136 585
108 137 107
108 140 323
108 143 14
108 145 304
108 148 395
108 153 458
108 154 831
108 156 214
108 157 388
108 159 345
108 160 918
108 164 467
108 165 396
108 168 811
108 169 269
108 171 742
108 175 851
108 177 70
108 178 877
108 180 579
108 182 898
108 183 279
108 184 561
108 188 955
108 189 704
108 191 438
108 193 284
108 195 815
108 197 118
108 198 254
108 199 365
108 109 936
108 114 499
108 117 318
108 118 504
108 124 209
108 125 677
109 129 852
109 130 42
109 131 573
109 136 116
109 137 730
109 139 882
109 140 479
109 141 329
109 143 174
109 145 40
109 147 661
109 148 731
109 149 709
109 150 741
109 155 929
109 156 686
109 157 809
109 158 186
109 159 609
109 160 909
109 161 886
109 162 16
109 165 705
109 173 785
109 174 525
109 175 149
109 179 101
109 180 938
109 181 732
109 182 5
109 184 542
109 187 940
109 191 426
109 194 920
109 195 368
109 196 372
109 197 341
109 198 261
109 200 384
109 110 537
109 112 676
109 114 100
109 116 58
109 117 537
109 118 812
109 121 568
109 122 453
109 123 867
110 130 317
110 134 205
110 136 429
110 138 783
110 139 818
110 142 799
110 143 403
110 145 184
110 146 475
110 147 602
110 149 837
110 155 640
110 157 500
110 159 26
110 166 673
110 170 632
110 179 961
110 184 401
110 185 919
110 188 537
110 191 79
110 193 598
110 194 832
110 195 800
110 200 375
110 112 464
110 115 516
110 116 854
110 120 502
110 121 611
110 122 892
110 124 683
110 128 868
111 129 846
111 131 808
111 134 287
111 139 441
111 140 153
111 141 776
111 142 994
111 144 158
111 146 459
111 147 268
111 148 478
111 151 188
111 153 408
111 154 400
111 155 682
111 159 584
111 161 778
111 162 297
111 164 70
111 165 300
111 167 141
111 169 328
111 170 900
111 172 43
111 173 838
111 176 630
111 177 265
111 181 850
111 183 672
111 184 343
111 185 32
111 187 287
111 193 861
111 194 727
111 196 67
111 197 99
111 200 342
111 112 897
111 118 144
111 121 428
111 122 345
111 124 841
111 125 671
112 132 351
112 134 290
112 137 298
112 140 511
112 141 81
112 145 463
112 150 689
112 152 334
112 155 356
112 156 358
112 157 287
112 159 405
112 161 381
112 169 436
112 172 978
112 176 280
112 177 297
112 178 920
112 179 226
112 180 746
112 181 168
112 184 484
112 185 659
112 188 173
112 192 977
112 194 67
112 197 845
112 113 259
112 116 692
112 117 688
112 118 419
112 119 67
112 120 861
112 121 80
112 124 508
112 125 527
112 126 648
113 130 76
113 131 679
113 132 23
113 133 307
113 134 729
113 135 935
113 138 520
113 140 266
113 141 995
113 142 903
113 143 689
113 149 585
113 151 39
113 161 784
113 163 935
113 164 390
113 167 366
113 168 488
113 170 685
113 171 827
113 173 191
113 174 423
113 175 508
113 178 650
113 182 517
113 183 399
113 185 73
113 186 283
113 188 606
113 189 281
113 193 250
113 194 458
113 197 940
113 200 852
113 114 127
113 116 1000
113 117 878
113 120 365
113 126 621
114 131 144
114 132 305
114 134 402
114 136 607
114 138 710
114 139 394
114 140 34
114 145 247
114 147 974
114 151 923
114 152 364
114 158 150
114 161 841
114 163 665
114 164 45
114 167 277
114 170 93
114 173 194
114 174 133
114 176 164
114 181 65
114 182 769
114 184 32
114 185 621
114 189 648
114 192 624
114 196 359
114 197 798
114 198 65
114 199 570
114 200 861
114 117 972
114 123 437
115 131 924
115 133 596
115 136 741
115 138 842
115 141 866
115 142 227
115 143 199
115 145 715
115 146 494
115 148 898
115 156 210
115 157 56
115 158 922
115 159 373
115 160 727
115 161 364
115 162 723
115 166 41
115 169 953
115 171 41
115 172 555
115 173 86
115 174 960
115 178 858
115 179 791
115 180 584
115 185 951
115 188 37
115 191 66
115 192 380
115 194 861
115 195 206
115 198 664
115 199 208
115 200 653
115 116 597
115 117 252
115 120 953
115 123 567
115 126 986
116 135 16
116 137 630
116 138 589
116 144 488
116 146 157
116 148 173
116 154 815
116 156 982
116 158 946
116 159 267
116 161 439
116 166 321
116 167 391
116 168 39
116 169 480
116 172 921
116 173 192
116 174 465
116 175 534
116 176 869
116 177 717
116 178 545
116 179 903
116 183 457
116 185 194
116 188 232
116 194 918
116 197 402
116 198 498
116 117 528
116 120 166
116 121 217
116 126 565
116 127 671
117 130 909
117 136 43
117 140 871
117 142 929
117 143 423
117 144 565
117 145 344
117 146 555
117 148 471
117 149 635
117 150 49
117 152 513
117 153 690
117 159 873
117 160 226
117 161 926
117 167 394
117 169 929
117 170 156
117 179 520
117 183 125
117 186 889
117 187 541
117 189 749
117 190 639
117 193 479
117 197 889
117 198 265
117 199 518
117 200 817
117 121 447
117 123 359
117 125 70
117 126 269
117 128 116
118 130 204
118 131 656
118 133 851
118 136 704
118 142 351
118 143 680
118 146 938
118 148 921
118 149 652
118 152 170
118 153 135
118 157 179
118 164 312
118 165 3
118 167 312
118 168 758
118 169 856
118 171 609
118 172 860
118 175 909
118 177 822
118 180 880
118 185 195
118 187 610
118 188 928
118 189 379
118 190 559
118 193 791
118 196 851
118 198 325
118 119 765
118 123 961
118 124 553
119 131 980
119 133 292
119 135 629
119 136 581
119 143 463
119 144 550
119 145 455
119 147 424
119 149 421
119 150 125
119 152 809
119 153 284
119 155 876
119 160 931
119 167 914
119 170 390
119 171 581
119 173 623
119 174 837
119 175 64
119 186 226
119 188 710
119 190 328
119 196 655
119 122 533
119 124 575
120 130 447
120 132 1000
120 139 146
120 140 268
120 142 972
120 143 982
120 144 795
120 147 596
120 148 577
120 150 475
120 152 676
120 161 670
120 166 375
120 167 227
120 168 106
120 171 749
120 172 259
120 181 678
120 182 486
120 186 52
120 188 838
120 192 243
120 194 798
120 195 328
120 199 732
120 121 340
120 122 763
120 124 348
120 126 795
121 134 371
121 138 92
121 140 135
121 141 880
121 148 361
121 149 191
121 152 835
121 156 271
121 158 385
121 159 590
121 161 381
121 162 760
121 163 869
121 166 407
121 169 338
121 173 763
121 175 459
121 177 134
121 179 140
121 180 715
121 183 87
121 184 680
121 189 72
121 192 44
121 197 326
121 198 776
121 123 289
121 127 622
121 128 564
122 130 544
122 131 853
122 133 166
122 134 338
122 136 724
122 138 857
122 141 887
122 142 771
122 144 314
122 145 795
122 148 88
122 149 795
122 151 527
122 153 330
122 160 112
122 161 10
122 163 33
122 165 887
122 166 755
122 168 345
122 170 57
122 179 904
122 184 382
122 188 718
122 189 179
122 190 991
122 198 296
122 125 235
122 127 596
122 128 549
123 133 117
123 135 324
123 136 528
123 142 52
123 143 954
123 144 971
123 148 797
123 153 369
123 154 936
123 155 685
123 156 778
123 158 22
123 159 874
123 160 238
123 162 893
123 163 263
123 164 258
123 168 710
123 170 125
123 173 621
123 174 722
123 179 245
123 182 121
123 183 629
123 185 683
123 194 215
123 195 88
123 200 156
123 124 121
123 128 808
124 129 934
124 130 22
124 132 130
124 133 277
124 135 635
124 139 593
124 141 191
124 142 466
124 143 151
124 144 421
124 148 989
124 149 824
124 154 640
124 156 965
124 159 684
124 161 161
124 162 264
124 163 569
124 164 891
124 165 205
124 166 786
124 169 542
124 170 254
124 171 20
124 174 794
124 175 767
124 180 768
124 181 342
124 187 63
124 188 504
124 189 530
124 190 144
124 193 739
124 196 691
124 200 413
124 125 369
124 128 375
125 129 557
125 130 29
125 131 441
125 132 369
125 134 333
125 135 134
125 136 38
125 139 300
125 140 121
125 141 758
125 142 165
125 143 458
125 144 192
125 148 33
125 153 568
125 154 298
125 155 471
125 157 794
125 158 638
125 161 106
125 162 186
125 166 600
125 167 314
125 170 934
125 179 607
125 180 172
125 181 210
125 186 563
125 187 216
125 188 417
125 189 898
125 190 26
125 193 925
125 198 2
125 199 528
125 200 671
125 127 227
126 134 759
126 135 352
126 136 992
126 140 321
126 142 89
126 144 370
126 146 522
126 147 639
126 149 240
126 151 480
126 155 169
126 159 243
126 161 914
126 163 849
126 165 118
126 166 176
126 170 852
126 171 482
126 172 551
126 174 13
126 176 773
126 177 75
126 178 561
126 179 778
126 180 632
126 182 53
126 188 16
126 192 784
126 195 246
126 196 181
126 128 653
127 130 515
127 131 230
127 132 956
127 133 233
127 137 770
127 139 261
127 142 57
127 145 633
127 146 394
127 147 40
127 151 393
127 153 294
127 160 546
127 161 480
127 175 515
127 179 934
127 181 105
127 182 107
127 189 677
127 191 842
127 193 761
127 194 702
127 197 695
127 198 854
128 129 820
128 195 903
128 132 443
128 166 905
128 168 857
128 137 785
128 198 848
128 142 21
128 143 126
128 177 23
128 146 458
128 180 950
128 181 273
128 151 798
128 153 519
128 154 543
128 155 945
128 157 567
128 187 288
128 200 52
128 183 483
129 131 232
129 132 944
129 138 895
129 139 412
129 140 845
129 142 766
129 143 42
129 148 77
129 150 973
129 151 564
129 155 555
129 157 368
129 158 197
129 166 911
129 176 625
129 179 532
129 180 740
129 182 234
129 183 253
129 191 354
129 192 262
129 197 723
129 199 776
130 134 258
130 135 337
130 138 24
130 140 825
130 142 436
130 143 308
130 145 34
130 146 443
130 147 670
130 149 429
130 150 788
130 152 862
130 154 847
130 156 945
130 160 481
130 161 556
130 163 893
130 164 997
130 167 117
130 170 778
130 173 533
130 174 444
130 175 587
130 178 523
130 180 712
130 182 298
130 184 94
130 185 487
130 186 594
130 190 424
130 192 701
130 194 492
130 196 41
130 197 616
131 136 560
131 137 465
131 139 180
131 141 579
131 142 583
131 145 380
131 154 935
131 161 241
131 163 444
131 164 700
131 165 229
131 166 87
131 167 73
131 168 861
131 170 860
131 171 70
131 174 742
131 177 341
131 178 834
131 180 784
131 183 85
131 186 176
131 189 345
131 190 211
131 193 127
131 194 923
131 197 554
132 135 56
132 140 675
132 142 95
132 143 864
132 146 181
132 147 738
132 148 86
132 152 578
132 155 770
132 157 529
132 161 975
132 165 566
132 168 795
132 170 433
132 171 733
132 172 817
132 177 709
132 178 986
132 180 169
132 184 777
132 188 10
132 190 46
132 191 791
132 192 715
132 193 283
132 194 921
132 197 273
132 198 951
133 141 508
133 143 128
133 144 148
133 146 467
133 148 714
133 149 46
133 150 671
133 153 212
133 154 188
133 155 440
133 157 747
133 161 409
133 167 310
133 170 292
133 171 299
133 172 250
133 173 330
133 174 982
133 175 985
133 176 404
133 179 725
133 182 20
133 184 3
133 185 882
133 191 951
133 192 211
133 193 160
133 194 911
133 195 265
133 196 471
133 197 372
134 193 880
134 194 119
134 196 728
134 135 733
134 136 245
134 137 277
134 170 137
134 171 874
134 140 851
134 141 749
134 174 555
134 143 6
134 176 959
134 178 351
134 168 175
134 156 717
134 157 206
134 158 835
135 136 428
135 141 219
135 142 347
135 143 356
135 144 773
135 146 132
135 152 187
135 157 580
135 159 908
135 161 909
135 162 641
135 166 681
135 167 42
135 168 719
135 169 204
135 170 488
135 173 456
135 176 136
135 179 810
135 185 714
135 187 766
135 188 178
135 189 30
135 193 883
135 196 559
135 197 88
136 139 589
136 142 275
136 145 64
136 147 289
136 149 130
136 152 561
136 153 251
136 155 736
136 161 901
136 163 256
136 167 670
136 170 964
136 171 837
136 172 267
136 179 548
136 181 751
136 182 714
136 184 665
136 186 436
136 189 808
136 191 958
136 193 849
136 198 79
136 200 686
137 140 956
137 141 4
137 143 33
137 144 88
137 147 319
137 148 753
137 149 143
137 150 380
137 156 11
137 157 373
137 160 767
137 161 441
137 165 44
137 167 113
137 170 720
137 173 510
137 178 654
137 179 974
137 180 862
137 181 680
137 184 430
137 187 790
137 190 536
137 191 672
137 192 717
137 193 34
137 194 326
137 196 856
137 197 707
137 198 814
138 140 547
138 141 482
138 142 131
138 145 125
138 147 480
138 151 507
138 155 213
138 157 56
138 159 354
138 161 512
138 165 742
138 169 460
138 175 724
138 176 748
138 178 699
138 181 494
138 186 257
138 188 692
138 192 528
138 196 214
138 198 683
138 199 776
139 141 206
139 142 740
139 148 483
139 151 329
139 152 916
139 153 659
139 157 3
139 159 634
139 166 729
139 168 93
139 169 195
139 170 24
139 172 284
139 174 423
139 175 41
139 179 402
139 183 553
139 188 504
139 189 326
139 190 420
139 193 601
139 198 581
139 199 696
140 142 670
140 145 968
140 153 54
140 154 323
140 155 760
140 160 104
140 161 436
140 162 490
140 163 817
140 164 945
140 165 128
140 167 932
140 168 708
140 174 98
140 177 419
140 179 761
140 184 605
140 185 214
140 186 970
140 192 482
140 193 75
140 196 761
141 142 203
141 146 907
141 148 246
141 149 453
141 151 233
141 153 588
141 155 842
141 157 119
141 159 969
141 161 480
141 169 782
141 170 835
141 174 390
141 175 236
141 177 202
141 178 982
141 180 775
141 183 1
141 187 273
141 188 107
141 192 14
141 194 44
141 195 379
141 197 624
141 198 175
141 199 907
142 162 180
142 164 138
142 165 729
142 194 517
142 170 372
142 173 106
142 175 958
142 144 967
142 177 426
142 146 170
142 179 715
142 180 56
142 149 646
142 197 685
142 181 257
142 186 561
142 185 398
142 154 771
142 157 945
142 159 683
143 144 976
143 146 56
143 151 200
143 155 685
143 156 168
143 157 171
143 161 46
143 164 35
143 165 532
143 167 114
143 170 510
143 171 689
143 172 946
143 173 1000
143 175 549
143 176 834
143 180 906
143 182 151
143 183 479
143 184 374
143 185 279
143 190 24
143 193 142
143 195 664
143 199 135
143 200 545
144 161 35
144 162 250
144 166 382
144 200 361
144 169 328
144 175 166
144 190 383
144 145 507
144 146 537
144 181 550
144 150 745
144 183 459
144 184 325
144 153 220
144 186 26
144 157 679
144 158 851
144 182 126
145 147 284
145 151 768
145 153 479
145 154 73
145 156 162
145 157 536
145 158 826
145 159 699
145 163 134
145 165 672
145 168 516
145 170 472
145 176 778
145 177 72
145 180 132
145 182 148
145 183 342
145 185 529
145 188 408
145 189 105
145 190 797
145 194 380
145 198 361
145 199 259
145 200 583
146 148 940
146 149 174
146 154 778
146 158 186
146 159 4
146 160 366
146 161 817
146 162 376
146 164 906
146 167 11
146 168 872
146 169 943
146 170 19
146 171 188
146 174 947
146 176 568
146 178 639
146 182 592
146 183 416
146 187 119
146 191 351
146 192 495
146 194 477
147 198 627
147 196 133
147 166 909
147 199 724
147 170 997
147 171 281
147 175 443
147 177 789
147 182 840
147 151 481
147 153 961
147 192 61
147 189 279
147 158 645
147 183 726
148 161 928
148 163 986
148 196 760
148 199 22
148 168 84
148 171 230
148 184 663
148 173 841
148 175 495
148 185 114
148 149 288
148 183 292
148 152 342
148 153 708
148 186 158
148 187 828
148 156 539
148 157 163
149 194 880
149 192 601
149 188 814
149 166 68
149 200 625
149 169 586
149 172 273
149 173 804
149 174 251
149 196 355
149 181 509
149 184 661
149 198 769
149 186 962
149 155 12
149 156 680
149 157 414
149 187 780
149 160 275
150 193 271
150 162 652
150 163 278
150 165 485
150 166 920
150 199 531
150 170 727
150 198 403
150 174 562
150 176 778
150 178 953
150 191 623
150 184 674
150 186 391
150 156 486
150 158 126
150 159 644
150 160 884
151 153 43
151 155 55
151 156 238
151 157 820
151 161 808
151 162 403
151 165 158
151 171 308
151 172 263
151 173 326
151 174 476
151 179 595
151 181 135
151 183 406
151 188 994
151 189 300
151 190 61
151 193 737
151 194 213
151 195 46
151 199 166
151 200 890
152 161 352
152 167 476
152 168 853
152 169 743
152 174 7
152 175 36
152 176 613
152 177 671
152 178 273
152 179 889
152 180 295
152 154 190
152 190 64
152 191 837
152 160 149
153 154 214
153 157 530
153 158 279
153 161 198
153 162 429
153 163 913
153 164 918
153 165 36
153 166 111
153 170 210
153 171 724
153 172 394
153 173 171
153 174 46
153 175 468
153 176 823
153 180 794
153 181 436
153 185 729
153 190 689
153 191 669
153 193 204
153 194 569
153 197 266
153 198 884
153 199 746
154 189 515
154 194 879
154 195 658
154 188 609
154 198 796
154 167 792
154 168 960
154 170 745
154 171 119
154 200 525
154 173 992
154 175 793
154 179 417
154 180 575
154 184 169
154 186 10
154 156 264
154 157 136
154 190 410
154 159 23
155 157 450
155 159 435
155 160 18
155 161 650
155 162 861
155 163 851
155 164 518
155 169 701
155 170 591
155 172 195
155 173 294
155 174 916
155 177 720
155 180 694
155 181 620
155 183 891
155 184 332
155 186 263
155 188 414
155 189 819
155 190 707
155 191 163
155 194 755
155 198 278
155 200 74
156 194 190
156 163 430
156 199 243
156 168 532
156 169 487
156 189 560
156 173 471
156 174 774
156 195 650
156 177 909
156 179 233
156 180 608
156 182 490
156 183 340
156 187 896
156 157 24
156 159 372
156 160 920
157 161 88
157 193 657
157 163 126
157 165 904
157 199 307
157 168 624
157 170 587
157 171 134
157 195 251
157 177 644
157 181 873
157 184 999
157 185 577
157 186 521
157 190 602
157 191 562
158 161 847
158 162 340
158 164 695
158 165 746
158 199 287
158 197 317
158 175 418
158 176 448
158 178 416
158 179 449
158 181 233
158 182 629
158 184 212
158 186 292
158 188 821
159 199 64
159 162 937
159 195 768
159 196 823
159 197 406
159 166 10
159 167 189
159 168 456
159 170 541
159 172 434
159 173 550
159 178 684
159 179 806
159 181 993
159 200 264
159 185 666
159 186 619
159 187 409
159 188 447
159 191 684
159 160 21
160 161 805
160 162 761
160 197 241
160 167 569
160 169 789
160 175 803
160 178 16
160 179 26
160 183 491
160 184 720
160 190 64
160 192 687
161 162 494
161 195 125
161 196 421
161 199 66
161 167 313
161 168 895
161 170 473
161 194 724
161 172 338
161 175 847
161 176 178
161 179 966
161 181 761
161 186 100
161 188 691
161 200 41
161 192 395
162 194 573
162 195 580
162 164 466
162 197 873
162 196 169
162 175 11
162 177 809
162 179 572
162 180 656
162 181 518
162 183 87
162 184 799
162 186 44
162 190 94
162 191 274
163 193 92
163 194 571
163 164 472
163 165 73
163 199 912
163 167 225
163 169 912
163 170 260
163 175 832
163 176 970
163 179 143
163 180 371
163 182 154
163 184 578
163 185 852
163 186 334
163 188 237
163 189 652
163 190 486
164 193 898
164 195 876
164 165 3
164 166 650
164 172 379
164 174 653
164 178 479
164 180 888
164 181 181
164 182 913
164 183 992
164 184 517
164 186 763
164 190 210
165 194 790
165 195 46
165 196 442
165 198 514
165 167 543
165 169 692
165 172 485
165 175 976
165 178 431
165 180 500
165 182 116
165 183 706
165 184 443
165 187 977
165 189 792
165 192 519
166 194 861
166 197 23
166 168 979
166 170 266
166 172 195
166 176 385
166 180 69
166 184 899
166 188 858
166 189 469
167 193 674
167 196 565
167 198 249
167 168 817
167 169 882
167 175 732
167 176 833
167 182 648
167 183 706
167 184 887
167 185 350
167 186 459
168 198 144
168 169 766
168 171 588
168 179 843
168 186 146
168 189 956
168 191 603
169 170 356
169 172 343
169 174 724
169 176 348
169 180 20
169 182 673
169 183 290
169 190 998
169 191 423
170 193 905
170 194 853
170 195 922
170 196 332
170 172 122
170 176 162
170 177 883
170 179 477
170 180 101
170 181 813
170 182 561
170 184 461
170 188 159
170 189 633
170 190 641
171 193 496
171 195 87
171 198 721
171 172 581
171 173 48
171 177 590
171 179 66
171 185 826
171 189 292
171 190 47
171 191 224
171 192 341
172 195 845
172 197 355
172 198 585
172 200 112
172 175 733
172 176 870
172 182 608
172 183 208
172 185 296
172 189 401
173 195 551
173 197 897
173 198 904
173 200 706
173 174 480
173 175 982
173 176 566
173 181 416
173 183 685
173 184 596
173 185 332
173 187 263
173 190 986
174 193 220
174 197 265
174 198 203
174 199 499
174 200 934
174 175 312
174 176 515
174 178 952
174 179 970
174 180 426
174 190 683
175 193 997
175 195 433
175 197 59
175 200 193
175 177 562
175 178 665
175 179 772
175 181 849
175 182 464
175 183 588
175 188 424
176 193 793
176 194 180
176 196 265
176 197 657
176 198 111
176 199 914
176 200 554
176 179 810
176 183 265
176 184 950
176 187 923
176 188 236
176 189 313
176 191 181
176 192 687
177 195 983
177 197 621
177 199 614
177 200 849
177 181 10
177 183 291
177 186 596
177 188 426
177 189 334
177 190 526
177 192 266
178 196 658
178 199 701
178 200 602
178 180 298
178 183 476
178 186 151
178 189 589
178 191 240
179 199 536
179 200 477
179 183 830
179 184 374
179 187 80
179 189 68
179 190 147
179 191 771
179 192 258
180 193 90
180 182 493
180 199 889
180 192 934
181 198 943
181 199 666
181 200 495
181 183 169
181 185 198
181 186 602
181 187 140
181 188 93
181 189 100
181 190 378
181 192 987
182 193 941
182 195 516
182 196 478
182 198 108
182 200 25
182 185 154
182 187 631
182 188 271
182 189 152
182 190 928
182 191 854
183 194 425
183 187 826
183 196 160
183 190 297
184 194 704
184 187 929
184 188 229
184 199 208
184 191 194
185 194 878
185 187 728
185 195 121
185 191 773
186 193 532
186 198 188
186 199 218
186 200 240
186 188 725
186 190 733
187 194 922
187 188 507
187 197 138
187 199 361
187 192 725
188 197 23
188 196 935
188 189 779
188 191 869
189 195 316
189 197 985
189 190 288
189 192 531
190 193 500
190 196 733
190 200 878
190 192 540
191 196 363
191 200 907
192 193 837
192 195 332
192 197 135
192 200 110
193 194 172
194 197 957
194 199 92
195 197 9
195 198 501
195 200 972
196 197 311
196 198 623
197 198 773
197 200 188
