100 4950
1 2 22
1 3 705
1 4 367
1 5 602
1 6 920
1 7 23
1 8 948
1 9 476
1 10 984
1 11 393
1 12 156
1 13 81
1 14 988
1 15 448
1 16 192
1 17 346
1 18 416
1 19 582
1 20 123
1 21 726
1 22 834
1 23 407
1 24 872
1 25 876
1 26 292
1 27 724
1 28 439
1 29 368
1 30 428
1 31 427
1 32 579
1 33 688
1 34 514
1 35 248
1 36 430
1 37 930
1 38 852
1 39 217
1 40 998
1 41 695
1 42 198
1 43 140
1 44 88
1 45 742
1 46 525
1 47 478
1 48 991
1 49 152
1 50 669
1 51 459
1 52 496
1 53 805
1 54 634
1 55 468
1 56 240
1 57 546
1 58 585
1 59 491
1 60 403
1 61 246
1 62 634
1 63 609
1 64 858
1 65 293
1 66 539
1 67 454
1 68 580
1 69 414
1 70 980
1 71 600
1 72 727
1 73 178
1 74 520
1 75 714
1 76 205
1 77 751
1 78 985
1 79 985
1 80 796
1 81 504
1 82 146
1 83 898
1 84 155
1 85 511
1 86 761
1 87 964
1 88 146
1 89 661
1 90 813
1 91 363
1 92 122
1 93 392
1 94 795
1 95 508
1 96 549
1 97 508
1 98 754
1 99 464
1 100 964
2 3 813
2 4 342
2 5 106
2 6 929
2 7 768
2 8 747
2 9 596
2 10 130
2 11 512
2 12 230
2 13 121
2 14 992
2 15 823
2 16 652
2 17 339
2 18 150
2 19 542
2 20 863
2 21 331
2 22 196
2 23 334
2 24 869
2 25 87
2 26 177
2 27 235
2 28 622
2 29 214
2 30 488
2 31 822
2 32 316
2 33 723
2 34 523
2 35 815
2 36 873
2 37 391
2 38 152
2 39 208
2 40 939
2 41 216
2 42 533
2 43 995
2 44 788
2 45 294
2 46 482
2 47 665
2 48 269
2 49 754
2 50 393
2 51 669
2 52 774
2 53 181
2 54 229
2 55 443
2 56 353
2 57 765
2 58 771
2 59 567
2 60 426
2 61 728
2 62 513
2 63 208
2 64 880
2 65 84
2 66 933
2 67 490
2 68 702
2 69 965
2 70 707
2 71 112
2 72 924
2 73 664
2 74 960
2 75 474
2 76 925
2 77 869
2 78 384
2 79 321
2 80 165
2 81 680
2 82 436
2 83 790
2 84 768
2 85 754
2 86 619
2 87 254
2 88 386
2 89 713
2 90 240
2 91 581
2 92 697
2 93 844
2 94 85
2 95 164
2 96 170
2 97 487
2 98 277
2 99 336
2 100 252
3 4 95
3 5 159
3 6 943
3 7 682
3 8 848
3 9 955
3 10 665
3 11 730
3 12 185
3 13 867
3 14 194
3 15 682
3 16 908
3 17 598
3 18 970
3 19 904
3 20 718
3 21 308
3 22 506
3 23 941
3 24 666
3 25 929
3 26 330
3 27 32
3 28 911
3 29 787
3 30 373
3 31 224
3 32 142
3 33 794
3 34 428
3 35 382
3 36 129
3 37 959
3 38 319
3 39 482
3 40 529
3 41 934
3 42 639
3 43 239
3 44 530
3 45 207
3 46 786
3 47 276
3 48 670
3 49 919
3 50 737
3 51 169
3 52 141
3 53 603
3 54 306
3 55 487
3 56 905
3 57 211
3 58 667
3 59 938
3 60 690
3 61 320
3 62 722
3 63 912
3 64 606
3 65 551
3 66 945
3 67 528
3 68 478
3 69 856
3 70 797
3 71 802
3 72 574
3 73 77
3 74 958
3 75 832
3 76 520
3 77 599
3 78 69
3 79 406
3 80 706
3 81 445
3 82 660
3 83 962
3 84 158
3 85 569
3 86 964
3 87 148
3 88 500
3 89 784
3 90 674
3 91 237
3 92 110
3 93 430
3 94 251
3 95 719
3 96 905
3 97 658
3 98 407
3 99 152
3 100 660
4 5 755
4 6 203
4 7 252
4 8 741
4 9 623
4 10 527
4 11 132
4 12 575
4 13 359
4 14 568
4 15 847
4 16 490
4 17 997
4 18 108
4 19 125
4 20 804
4 21 113
4 22 183
4 23 822
4 24 692
4 25 498
4 26 702
4 27 884
4 28 212
4 29 611
4 30 68
4 31 108
4 32 205
4 33 680
4 34 510
4 35 925
4 36 116
4 37 724
4 38 195
4 39 233
4 40 120
4 41 358
4 42 809
4 43 496
4 44 232
4 45 621
4 46 832
4 47 172
4 48 534
4 49 814
4 50 278
4 51 819
4 52 469
4 53 826
4 54 984
4 55 702
4 56 374
4 57 978
4 58 607
4 59 201
4 60 849
4 61 809
4 62 782
4 63 623
4 64 385
4 65 185
4 66 204
4 67 458
4 68 719
4 69 587
4 70 480
4 71 932
4 72 111
4 73 166
4 74 859
4 75 641
4 76 794
4 77 88
4 78 525
4 79 79
4 80 240
4 81 156
4 82 678
4 83 896
4 84 459
4 85 822
4 86 57
4 87 715
4 88 265
4 89 667
4 90 558
4 91 455
4 92 943
4 93 639
4 94 108
4 95 240
4 96 537
4 97 954
4 98 655
4 99 799
4 100 396
5 6 78
5 7 292
5 8 182
5 9 565
5 10 162
5 11 409
5 12 779
5 13 574
5 14 277
5 15 788
5 16 685
5 17 330
5 18 253
5 19 812
5 20 709
5 21 971
5 22 35
5 23 237
5 24 695
5 25 113
5 26 671
5 27 338
5 28 476
5 29 383
5 30 820
5 31 777
5 32 114
5 33 760
5 34 931
5 35 237
5 36 802
5 37 523
5 38 181
5 39 903
5 40 742
5 41 623
5 42 376
5 43 258
5 44 701
5 45 375
5 46 796
5 47 376
5 48 164
5 49 757
5 50 880
5 51 422
5 52 278
5 53 510
5 54 523
5 55 899
5 56 208
5 57 934
5 58 495
5 59 433
5 60 200
5 61 741
5 62 659
5 63 978
5 64 261
5 65 191
5 66 715
5 67 129
5 68 10
5 69 863
5 70 499
5 71 232
5 72 392
5 73 895
5 74 633
5 75 805
5 76 665
5 77 640
5 78 231
5 79 973
5 80 866
5 81 154
5 82 868
5 83 527
5 84 996
5 85 622
5 86 849
5 87 332
5 88 750
5 89 756
5 90 302
5 91 377
5 92 611
5 93 900
5 94 622
5 95 212
5 96 605
5 97 78
5 98 982
5 99 111
5 100 510
6 7 786
6 8 105
6 9 566
6 10 518
6 11 813
6 12 835
6 13 493
6 14 296
6 15 591
6 16 85
6 17 752
6 18 954
6 19 197
6 20 348
6 21 48
6 22 158
6 23 518
6 24 356
6 25 725
6 26 869
6 27 766
6 28 96
6 29 495
6 30 789
6 31 884
6 32 30
6 33 806
6 34 417
6 35 504
6 36 661
6 37 871
6 38 139
6 39 902
6 40 382
6 41 104
6 42 468
6 43 324
6 44 951
6 45 576
6 46 810
6 47 804
6 48 149
6 49 890
6 50 756
6 51 124
6 52 950
6 53 699
6 54 897
6 55 176
6 56 412
6 57 647
6 58 412
6 59 236
6 60 591
6 61 136
6 62 731
6 63 263
6 64 983
6 65 295
6 66 179
6 67 517
6 68 944
6 69 611
6 70 963
6 71 268
6 72 764
6 73 282
6 74 400
6 75 321
6 76 704
6 77 330
6 78 132
6 79 394
6 80 524
6 81 562
6 82 187
6 83 732
6 84 702
6 85 567
6 86 344
6 87 649
6 88 815
6 89 950
6 90 823
6 91 946
6 92 134
6 93 900
6 94 498
6 95 148
6 96 906
6 97 341
6 98 960
6 99 175
6 100 329
7 8 720
7 9 534
7 10 885
7 11 556
7 12 655
7 13 345
7 14 972
7 15 575
7 16 196
7 17 395
7 18 485
7 19 671
7 20 344
7 21 132
7 22 882
7 23 289
7 24 952
7 25 671
7 26 455
7 27 391
7 28 672
7 29 376
7 30 624
7 31 719
7 32 854
7 33 486
7 34 355
7 35 196
7 36 805
7 37 233
7 38 315
7 39 522
7 40 973
7 41 787
7 42 117
7 43 401
7 44 496
7 45 228
7 46 930
7 47 733
7 48 338
7 49 976
7 50 852
7 51 716
7 52 691
7 53 216
7 54 294
7 55 112
7 56 367
7 57 191
7 58 315
7 59 14
7 60 595
7 61 106
7 62 367
7 63 392
7 64 419
7 65 574
7 66 224
7 67 353
7 68 927
7 69 449
7 70 536
7 71 208
7 72 498
7 73 370
7 74 77
7 75 758
7 76 978
7 77 381
7 78 727
7 79 513
7 80 342
7 81 949
7 82 983
7 83 605
7 84 210
7 85 597
7 86 914
7 87 483
7 88 712
7 89 752
7 90 908
7 91 203
7 92 584
7 93 359
7 94 446
7 95 853
7 96 487
7 97 159
7 98 125
7 99 668
7 100 614
8 9 279
8 10 941
8 11 331
8 12 94
8 13 40
8 14 486
8 15 696
8 16 154
8 17 548
8 18 254
8 19 368
8 20 634
8 21 948
8 22 916
8 23 408
8 24 211
8 25 865
8 26 416
8 27 419
8 28 337
8 29 399
8 30 980
8 31 884
8 32 155
8 33 748
8 34 485
8 35 994
8 36 819
8 37 341
8 38 820
8 39 973
8 40 466
8 41 904
8 42 11
8 43 618
8 44 153
8 45 266
8 46 513
8 47 878
8 48 988
8 49 135
8 50 964
8 51 774
8 52 155
8 53 453
8 54 921
8 55 458
8 56 589
8 57 732
8 58 774
8 59 200
8 60 246
8 61 427
8 62 587
8 63 113
8 64 839
8 65 847
8 66 355
8 67 592
8 68 503
8 69 98
8 70 76
8 71 317
8 72 960
8 73 847
8 74 512
8 75 680
8 76 901
8 77 460
8 78 529
8 79 711
8 80 300
8 81 184
8 82 330
8 83 995
8 84 135
8 85 765
8 86 612
8 87 598
8 88 878
8 89 656
8 90 515
8 91 717
8 92 184
8 93 549
8 94 607
8 95 857
8 96 224
8 97 128
8 98 370
8 99 888
8 100 199
9 10 225
9 11 326
9 12 462
9 13 919
9 14 403
9 15 342
9 16 564
9 17 941
9 18 550
9 19 784
9 20 243
9 21 161
9 22 771
9 23 578
9 24 882
9 25 840
9 26 708
9 27 353
9 28 709
9 29 712
9 30 162
9 31 611
9 32 837
9 33 85
9 34 554
9 35 28
9 36 523
9 37 389
9 38 918
9 39 168
9 40 217
9 41 278
9 42 248
9 43 905
9 44 642
9 45 844
9 46 561
9 47 567
9 48 584
9 49 775
9 50 179
9 51 500
9 52 144
9 53 833
9 54 930
9 55 518
9 56 362
9 57 410
9 58 831
9 59 898
9 60 628
9 61 781
9 62 391
9 63 732
9 64 100
9 65 829
9 66 280
9 67 868
9 68 205
9 69 284
9 70 190
9 71 194
9 72 146
9 73 714
9 74 800
9 75 146
9 76 792
9 77 776
9 78 113
9 79 173
9 80 809
9 81 549
9 82 128
9 83 184
9 84 308
9 85 135
9 86 692
9 87 773
9 88 799
9 89 926
9 90 264
9 91 909
9 92 245
9 93 399
9 94 158
9 95 858
9 96 69
9 97 953
9 98 396
9 99 222
9 100 538
10 11 749
10 12 298
10 13 602
10 14 165
10 15 609
10 16 86
10 17 275
10 18 251
10 19 335
10 20 909
10 21 571
10 22 72
10 23 165
10 24 272
10 25 541
10 26 730
10 27 413
10 28 620
10 29 481
10 30 961
10 31 241
10 32 402
10 33 425
10 34 272
10 35 284
10 36 178
10 37 986
10 38 188
10 39 176
10 40 199
10 41 780
10 42 727
10 43 590
10 44 111
10 45 24
10 46 181
10 47 336
10 48 630
10 49 363
10 50 978
10 51 485
10 52 587
10 53 343
10 54 866
10 55 249
10 56 138
10 57 853
10 58 514
10 59 703
10 60 240
10 61 999
10 62 529
10 63 171
10 64 480
10 65 684
10 66 152
10 67 206
10 68 445
10 69 621
10 70 168
10 71 931
10 72 980
10 73 133
10 74 978
10 75 387
10 76 625
10 77 992
10 78 187
10 79 850
10 80 746
10 81 332
10 82 735
10 83 613
10 84 327
10 85 805
10 86 670
10 87 445
10 88 515
10 89 633
10 90 448
10 91 523
10 92 332
10 93 785
10 94 174
10 95 306
10 96 534
10 97 656
10 98 198
10 99 166
10 100 122
11 12 137
11 13 702
11 14 975
11 15 428
11 16 703
11 17 215
11 18 650
11 19 163
11 20 144
11 21 770
11 22 785
11 23 808
11 24 261
11 25 687
11 26 528
11 27 316
11 28 392
11 29 870
11 30 580
11 31 957
11 32 103
11 33 472
11 34 67
11 35 429
11 36 365
11 37 422
11 38 500
11 39 104
11 40 590
11 41 871
11 42 354
11 43 728
11 44 529
11 45 198
11 46 737
11 47 525
11 48 175
11 49 699
11 50 685
11 51 709
11 52 604
11 53 515
11 54 865
11 55 543
11 56 436
11 57 532
11 58 973
11 59 645
11 60 401
11 61 980
11 62 371
11 63 100
11 64 115
11 65 849
11 66 397
11 67 761
11 68 98
11 69 900
11 70 390
11 71 164
11 72 393
11 73 405
11 74 26
11 75 686
11 76 303
11 77 674
11 78 623
11 79 917
11 80 134
11 81 356
11 82 386
11 83 92
11 84 376
11 85 501
11 86 874
11 87 600
11 88 909
11 89 321
11 90 719
11 91 619
11 92 987
11 93 424
11 94 435
11 95 604
11 96 823
11 97 166
11 98 699
11 99 385
11 100 540
12 13 783
12 14 388
12 15 643
12 16 410
12 17 478
12 18 534
12 19 859
12 20 803
12 21 853
12 22 570
12 23 340
12 24 118
12 25 997
12 26 446
12 27 283
12 28 762
12 29 159
12 30 856
12 31 161
12 32 386
12 33 136
12 34 816
12 35 514
12 36 268
12 37 811
12 38 677
12 39 353
12 40 819
12 41 475
12 42 574
12 43 259
12 44 446
12 45 653
12 46 494
12 47 781
12 48 241
12 49 91
12 50 725
12 51 873
12 52 608
12 53 271
12 54 965
12 55 762
12 56 507
12 57 942
12 58 567
12 59 643
12 60 786
12 61 476
12 62 598
12 63 655
12 64 558
12 65 411
12 66 210
12 67 213
12 68 709
12 69 352
12 70 477
12 71 369
12 72 843
12 73 133
12 74 262
12 75 456
12 76 837
12 77 672
12 78 311
12 79 44
12 80 450
12 81 179
12 82 251
12 83 301
12 84 840
12 85 504
12 86 592
12 87 478
12 88 673
12 89 108
12 90 221
12 91 200
12 92 313
12 93 818
12 94 684
12 95 237
12 96 864
12 97 967
12 98 36
12 99 92
12 100 870
13 14 151
13 15 631
13 16 877
13 17 908
13 18 451
13 19 410
13 20 683
13 21 157
13 22 948
13 23 745
13 24 204
13 25 177
13 26 754
13 27 938
13 28 557
13 29 842
13 30 954
13 31 937
13 32 307
13 33 893
13 34 294
13 35 187
13 36 821
13 37 379
13 38 615
13 39 435
13 40 767
13 41 292
13 42 465
13 43 207
13 44 236
13 45 973
13 46 481
13 47 309
13 48 620
13 49 528
13 50 421
13 51 953
13 52 367
13 53 466
13 54 706
13 55 966
13 56 889
13 57 942
13 58 410
13 59 737
13 60 835
13 61 93
13 62 970
13 63 635
13 64 854
13 65 687
13 66 946
13 67 51
13 68 805
13 69 296
13 70 586
13 71 360
13 72 962
13 73 410
13 74 826
13 75 187
13 76 877
13 77 869
13 78 434
13 79 917
13 80 438
13 81 980
13 82 310
13 83 157
13 84 836
13 85 292
13 86 269
13 87 899
13 88 923
13 89 659
13 90 889
13 91 784
13 92 450
13 93 105
13 94 877
13 95 837
13 96 945
13 97 510
13 98 456
13 99 853
13 100 739
14 15 886
14 16 834
14 17 838
14 18 721
14 19 543
14 20 400
14 21 632
14 22 828
14 23 757
14 24 494
14 25 99
14 26 122
14 27 668
14 28 658
14 29 807
14 30 200
14 31 445
14 32 656
14 33 364
14 34 150
14 35 220
14 36 552
14 37 972
14 38 843
14 39 781
14 40 859
14 41 709
14 42 808
14 43 370
14 44 517
14 45 755
14 46 315
14 47 711
14 48 840
14 49 815
14 50 258
14 51 458
14 52 242
14 53 886
14 54 949
14 55 65
14 56 282
14 57 952
14 58 929
14 59 673
14 60 654
14 61 914
14 62 977
14 63 257
14 64 724
14 65 230
14 66 445
14 67 471
14 68 315
14 69 156
14 70 415
14 71 952
14 72 182
14 73 53
14 74 477
14 75 926
14 76 494
14 77 698
14 78 183
14 79 735
14 80 250
14 81 873
14 82 799
14 83 340
14 84 532
14 85 194
14 86 867
14 87 630
14 88 996
14 89 336
14 90 701
14 91 461
14 92 452
14 93 209
14 94 343
14 95 316
14 96 646
14 97 915
14 98 416
14 99 708
14 100 498
15 16 83
15 17 10
15 18 373
15 19 716
15 20 710
15 21 735
15 22 730
15 23 756
15 24 311
15 25 162
15 26 128
15 27 382
15 28 291
15 29 915
15 30 997
15 31 944
15 32 970
15 33 628
15 34 767
15 35 116
15 36 309
15 37 648
15 38 354
15 39 439
15 40 417
15 41 971
15 42 592
15 43 612
15 44 315
15 45 540
15 46 936
15 47 887
15 48 196
15 49 24
15 50 565
15 51 205
15 52 182
15 53 114
15 54 192
15 55 882
15 56 847
15 57 767
15 58 932
15 59 336
15 60 886
15 61 642
15 62 779
15 63 318
15 64 364
15 65 901
15 66 366
15 67 995
15 68 781
15 69 214
15 70 864
15 71 683
15 72 813
15 73 123
15 74 211
15 75 287
15 76 107
15 77 315
15 78 728
15 79 478
15 80 996
15 81 933
15 82 111
15 83 404
15 84 731
15 85 523
15 86 531
15 87 858
15 88 877
15 89 188
15 90 160
15 91 878
15 92 241
15 93 230
15 94 545
15 95 326
15 96 899
15 97 616
15 98 614
15 99 974
15 100 561
16 17 603
16 18 460
16 19 145
16 20 786
16 21 701
16 22 896
16 23 98
16 24 705
16 25 704
16 26 439
16 27 621
16 28 955
16 29 849
16 30 216
16 31 149
16 32 844
16 33 685
16 34 494
16 35 959
16 36 624
16 37 79
16 38 972
16 39 682
16 40 955
16 41 375
16 42 752
16 43 754
16 44 961
16 45 601
16 46 269
16 47 119
16 48 670
16 49 373
16 50 125
16 51 139
16 52 956
16 53 427
16 54 443
16 55 239
16 56 968
16 57 876
16 58 156
16 59 864
16 60 225
16 61 796
16 62 338
16 63 771
16 64 680
16 65 185
16 66 529
16 67 474
16 68 821
16 69 361
16 70 708
16 71 195
16 72 690
16 73 845
16 74 549
16 75 36
16 76 894
16 77 515
16 78 595
16 79 466
16 80 775
16 81 825
16 82 643
16 83 476
16 84 468
16 85 111
16 86 390
16 87 503
16 88 281
16 89 710
16 90 217
16 91 37
16 92 657
16 93 560
16 94 343
16 95 479
16 96 914
16 97 516
16 98 211
16 99 192
16 100 910
17 18 854
17 19 558
17 20 347
17 21 118
17 22 144
17 23 115
17 24 173
17 25 467
17 26 161
17 27 686
17 28 600
17 29 308
17 30 310
17 31 149
17 32 540
17 33 179
17 34 687
17 35 240
17 36 242
17 37 438
17 38 151
17 39 886
17 40 349
17 41 43
17 42 495
17 43 695
17 44 652
17 45 319
17 46 970
17 47 881
17 48 247
17 49 245
17 50 766
17 51 633
17 52 881
17 53 172
17 54 569
17 55 79
17 56 182
17 57 233
17 58 516
17 59 715
17 60 879
17 61 969
17 62 631
17 63 525
17 64 647
17 65 976
17 66 408
17 67 698
17 68 713
17 69 440
17 70 354
17 71 189
17 72 86
17 73 177
17 74 88
17 75 973
17 76 870
17 77 267
17 78 675
17 79 676
17 80 477
17 81 654
17 82 806
17 83 250
17 84 352
17 85 503
17 86 513
17 87 94
17 88 227
17 89 215
17 90 725
17 91 967
17 92 511
17 93 871
17 94 616
17 95 260
17 96 601
17 97 846
17 98 121
17 99 81
17 100 658
18 19 735
18 20 981
18 21 860
18 22 757
18 23 626
18 24 587
18 25 343
18 26 525
18 27 524
18 28 621
18 29 640
18 30 703
18 31 831
18 32 526
18 33 736
18 34 563
18 35 465
18 36 366
18 37 132
18 38 901
18 39 460
18 40 512
18 41 532
18 42 944
18 43 395
18 44 720
18 45 93
18 46 340
18 47 252
18 48 392
18 49 289
18 50 277
18 51 916
18 52 388
18 53 632
18 54 854
18 55 683
18 56 195
18 57 345
18 58 733
18 59 963
18 60 846
18 61 50
18 62 754
18 63 811
18 64 815
18 65 856
18 66 650
18 67 335
18 68 768
18 69 692
18 70 193
18 71 258
18 72 635
18 73 167
18 74 459
18 75 995
18 76 355
18 77 268
18 78 117
18 79 90
18 80 890
18 81 404
18 82 221
18 83 841
18 84 903
18 85 103
18 86 133
18 87 473
18 88 646
18 89 185
18 90 281
18 91 313
18 92 389
18 93 403
18 94 4
18 95 887
18 96 321
18 97 214
18 98 713
18 99 551
18 100 694
19 20 728
19 21 932
19 22 479
19 23 497
19 24 854
19 25 176
19 26 172
19 27 640
19 28 799
19 29 952
19 30 837
19 31 112
19 32 171
19 33 657
19 34 881
19 35 918
19 36 219
19 37 344
19 38 483
19 39 542
19 40 753
19 41 166
19 42 48
19 43 384
19 44 201
19 45 860
19 46 481
19 47 459
19 48 786
19 49 301
19 50 824
19 51 390
19 52 542
19 53 153
19 54 419
19 55 773
19 56 408
19 57 49
19 58 214
19 59 772
19 60 464
19 61 285
19 62 817
19 63 457
19 64 453
19 65 499
19 66 864
19 67 810
19 68 409
19 69 101
19 70 208
19 71 83
19 72 821
19 73 948
19 74 152
19 75 365
19 76 984
19 77 226
19 78 130
19 79 777
19 80 685
19 81 668
19 82 910
19 83 127
19 84 659
19 85 735
19 86 686
19 87 555
19 88 348
19 89 446
19 90 705
19 91 587
19 92 356
19 93 762
19 94 916
19 95 81
19 96 333
19 97 563
19 98 927
19 99 723
19 100 487
20 21 264
20 22 578
20 23 804
20 24 678
20 25 720
20 26 65
20 27 798
20 28 448
20 29 256
20 30 353
20 31 108
20 32 384
20 33 746
20 34 760
20 35 190
20 36 993
20 37 337
20 38 160
20 39 585
20 40 557
20 41 775
20 42 222
20 43 99
20 44 812
20 45 623
20 46 297
20 47 791
20 48 747
20 49 988
20 50 176
20 51 129
20 52 419
20 53 655
20 54 402
20 55 118
20 56 677
20 57 189
20 58 350
20 59 757
20 60 494
20 61 985
20 62 820
20 63 990
20 64 598
20 65 903
20 66 655
20 67 568
20 68 626
20 69 398
20 70 337
20 71 801
20 72 736
20 73 697
20 74 736
20 75 555
20 76 303
20 77 377
20 78 613
20 79 836
20 80 408
20 81 164
20 82 733
20 83 841
20 84 6
20 85 131
20 86 897
20 87 515
20 88 487
20 89 416
20 90 561
20 91 619
20 92 555
20 93 439
20 94 318
20 95 536
20 96 466
20 97 481
20 98 937
20 99 527
20 100 976
21 22 837
21 23 207
21 24 191
21 25 733
21 26 193
21 27 727
21 28 874
21 29 183
21 30 271
21 31 512
21 32 766
21 33 949
21 34 416
21 35 956
21 36 631
21 37 452
21 38 186
21 39 604
21 40 111
21 41 216
21 42 418
21 43 992
21 44 355
21 45 524
21 46 807
21 47 205
21 48 620
21 49 119
21 50 902
21 51 898
21 52 273
21 53 833
21 54 527
21 55 9
21 56 397
21 57 880
21 58 461
21 59 605
21 60 598
21 61 908
21 62 798
21 63 514
21 64 741
21 65 635
21 66 780
21 67 541
21 68 501
21 69 491
21 70 490
21 71 877
21 72 375
21 73 815
21 74 689
21 75 453
21 76 289
21 77 440
21 78 575
21 79 962
21 80 899
21 81 756
21 82 672
21 83 876
21 84 729
21 85 604
21 86 812
21 87 729
21 88 594
21 89 188
21 90 592
21 91 252
21 92 647
21 93 608
21 94 123
21 95 602
21 96 249
21 97 515
21 98 905
21 99 185
21 100 941
22 23 240
22 24 91
22 25 803
22 26 301
22 27 728
22 28 896
22 29 485
22 30 822
22 31 636
22 32 446
22 33 115
22 34 873
22 35 95
22 36 479
22 37 458
22 38 870
22 39 368
22 40 312
22 41 180
22 42 166
22 43 229
22 44 207
22 45 310
22 46 157
22 47 358
22 48 451
22 49 230
22 50 643
22 51 375
22 52 99
22 53 128
22 54 435
22 55 370
22 56 456
22 57 374
22 58 422
22 59 841
22 60 186
22 61 261
22 62 771
22 63 617
22 64 530
22 65 771
22 66 430
22 67 180
22 68 130
22 69 504
22 70 451
22 71 522
22 72 451
22 73 290
22 74 895
22 75 323
22 76 967
22 77 699
22 78 302
22 79 588
22 80 801
22 81 356
22 82 451
22 83 151
22 84 663
22 85 262
22 86 971
22 87 420
22 88 987
22 89 798
22 90 572
22 91 466
22 92 918
22 93 492
22 94 74
22 95 504
22 96 842
22 97 342
22 98 975
22 99 74
22 100 939
23 24 520
23 25 628
23 26 852
23 27 426
23 28 399
23 29 660
23 30 616
23 31 547
23 32 116
23 33 759
23 34 595
23 35 352
23 36 440
23 37 187
23 38 203
23 39 589
23 40 333
23 41 474
23 42 639
23 43 961
23 44 369
23 45 706
23 46 391
23 47 316
23 48 771
23 49 493
23 50 301
23 51 985
23 52 390
23 53 500
23 54 629
23 55 88
23 56 715
23 57 673
23 58 75
23 59 515
23 60 909
23 61 697
23 62 457
23 63 903
23 64 725
23 65 780
23 66 572
23 67 803
23 68 675
23 69 145
23 70 102
23 71 845
23 72 696
23 73 697
23 74 401
23 75 827
23 76 841
23 77 405
23 78 238
23 79 785
23 80 720
23 81 81
23 82 502
23 83 941
23 84 486
23 85 279
23 86 2
23 87 334
23 88 928
23 89 405
23 90 157
23 91 642
23 92 355
23 93 739
23 94 291
23 95 531
23 96 410
23 97 334
23 98 67
23 99 729
23 100 267
24 25 255
24 26 835
24 27 441
24 28 880
24 29 601
24 30 531
24 31 585
24 32 685
24 33 598
24 34 706
24 35 597
24 36 134
24 37 192
24 38 134
24 39 314
24 40 602
24 41 285
24 42 558
24 43 799
24 44 251
24 45 702
24 46 993
24 47 716
24 48 568
24 49 19
24 50 593
24 51 494
24 52 943
24 53 668
24 54 948
24 55 122
24 56 944
24 57 474
24 58 996
24 59 328
24 60 50
24 61 506
24 62 409
24 63 777
24 64 893
24 65 282
24 66 331
24 67 463
24 68 490
24 69 78
24 70 254
24 71 149
24 72 604
24 73 97
24 74 757
24 75 980
24 76 466
24 77 143
24 78 305
24 79 226
24 80 362
24 81 654
24 82 163
24 83 518
24 84 823
24 85 623
24 86 654
24 87 383
24 88 306
24 89 173
24 90 294
24 91 389
24 92 124
24 93 383
24 94 810
24 95 948
24 96 793
24 97 648
24 98 782
24 99 653
24 100 610
25 26 153
25 27 130
25 28 104
25 29 364
25 30 859
25 31 134
25 32 192
25 33 926
25 34 483
25 35 353
25 36 654
25 37 134
25 38 702
25 39 592
25 40 347
25 41 28
25 42 162
25 43 771
25 44 290
25 45 629
25 46 685
25 47 83
25 48 429
25 49 811
25 50 889
25 51 648
25 52 388
25 53 943
25 54 799
25 55 494
25 56 378
25 57 252
25 58 169
25 59 625
25 60 136
25 61 805
25 62 253
25 63 605
25 64 664
25 65 311
25 66 464
25 67 745
25 68 486
25 69 299
25 70 812
25 71 130
25 72 362
25 73 478
25 74 963
25 75 773
25 76 362
25 77 894
25 78 792
25 79 210
25 80 360
25 81 391
25 82 415
25 83 81
25 84 617
25 85 702
25 86 127
25 87 544
25 88 61
25 89 870
25 90 465
25 91 255
25 92 259
25 93 916
25 94 801
25 95 390
25 96 693
25 97 718
25 98 984
25 99 629
25 100 380
26 27 610
26 28 966
26 29 645
26 30 462
26 31 224
26 32 495
26 33 805
26 34 113
26 35 277
26 36 77
26 37 280
26 38 287
26 39 652
26 40 295
26 41 754
26 42 957
26 43 381
26 44 760
26 45 264
26 46 244
26 47 991
26 48 410
26 49 142
26 50 101
26 51 180
26 52 343
26 53 254
26 54 616
26 55 783
26 56 114
26 57 101
26 58 257
26 59 235
26 60 894
26 61 740
26 62 389
26 63 588
26 64 239
26 65 93
26 66 855
26 67 918
26 68 93
26 69 701
26 70 425
26 71 803
26 72 176
26 73 941
26 74 356
26 75 296
26 76 824
26 77 686
26 78 946
26 79 979
26 80 998
26 81 891
26 82 888
26 83 5
26 84 207
26 85 930
26 86 810
26 87 251
26 88 424
26 89 420
26 90 629
26 91 979
26 92 300
26 93 116
26 94 645
26 95 249
26 96 570
26 97 805
26 98 377
26 99 123
26 100 811
27 28 883
27 29 863
27 30 971
27 31 895
27 32 267
27 33 149
27 34 510
27 35 689
27 36 134
27 37 545
27 38 770
27 39 671
27 40 545
27 41 536
27 42 504
27 43 372
27 44 420
27 45 717
27 46 737
27 47 532
27 48 322
27 49 445
27 50 927
27 51 615
27 52 107
27 53 277
27 54 262
27 55 874
27 56 440
27 57 357
27 58 897
27 59 603
27 60 941
27 61 420
27 62 584
27 63 198
27 64 151
27 65 486
27 66 399
27 67 615
27 68 505
27 69 649
27 70 468
27 71 507
27 72 453
27 73 819
27 74 367
27 75 428
27 76 240
27 77 290
27 78 672
27 79 406
27 80 150
27 81 855
27 82 549
27 83 670
27 84 802
27 85 932
27 86 165
27 87 140
27 88 109
27 89 259
27 90 256
27 91 379
27 92 354
27 93 60
27 94 707
27 95 328
27 96 728
27 97 999
27 98 999
27 99 771
27 100 759
28 29 919
28 30 81
28 31 351
28 32 836
28 33 799
28 34 448
28 35 450
28 36 611
28 37 681
28 38 511
28 39 549
28 40 779
28 41 212
28 42 442
28 43 284
28 44 768
28 45 513
28 46 552
28 47 58
28 48 776
28 49 743
28 50 501
28 51 808
28 52 364
28 53 248
28 54 787
28 55 720
28 56 268
28 57 491
28 58 591
28 59 421
28 60 609
28 61 192
28 62 948
28 63 82
28 64 825
28 65 847
28 66 389
28 67 462
28 68 709
28 69 447
28 70 795
28 71 572
28 72 376
28 73 95
28 74 802
28 75 928
28 76 216
28 77 957
28 78 380
28 79 657
28 80 632
28 81 637
28 82 64
28 83 982
28 84 263
28 85 436
28 86 569
28 87 248
28 88 174
28 89 601
28 90 492
28 91 903
28 92 160
28 93 170
28 94 586
28 95 103
28 96 712
28 97 526
28 98 247
28 99 138
28 100 966
29 30 337
29 31 290
29 32 685
29 33 138
29 34 127
29 35 554
29 36 233
29 37 870
29 38 454
29 39 219
29 40 176
29 41 571
29 42 517
29 43 137
29 44 959
29 45 876
29 46 194
29 47 264
29 48 474
29 49 731
29 50 514
29 51 633
29 52 944
29 53 618
29 54 539
29 55 708
29 56 329
29 57 80
29 58 206
29 59 133
29 60 444
29 61 822
29 62 561
29 63 917
29 64 889
29 65 500
29 66 608
29 67 757
29 68 340
29 69 890
29 70 496
29 71 723
29 72 52
29 73 349
29 74 642
29 75 824
29 76 236
29 77 304
29 78 908
29 79 753
29 80 498
29 81 918
29 82 244
29 83 601
29 84 438
29 85 950
29 86 296
29 87 880
29 88 327
29 89 656
29 90 344
29 91 923
29 92 51
29 93 743
29 94 275
29 95 531
29 96 993
29 97 586
29 98 996
29 99 144
29 100 171
30 31 784
30 32 376
30 33 492
30 34 308
30 35 543
30 36 502
30 37 141
30 38 717
30 39 769
30 40 427
30 41 765
30 42 867
30 43 441
30 44 83
30 45 180
30 46 924
30 47 377
30 48 768
30 49 523
30 50 137
30 51 582
30 52 298
30 53 954
30 54 204
30 55 834
30 56 854
30 57 232
30 58 90
30 59 167
30 60 346
30 61 569
30 62 436
30 63 145
30 64 781
30 65 701
30 66 216
30 67 405
30 68 274
30 69 105
30 70 699
30 71 274
30 72 719
30 73 849
30 74 826
30 75 668
30 76 738
30 77 905
30 78 436
30 79 359
30 80 122
30 81 78
30 82 790
30 83 785
30 84 935
30 85 421
30 86 295
30 87 158
30 88 464
30 89 73
30 90 386
30 91 252
30 92 694
30 93 278
30 94 891
30 95 812
30 96 843
30 97 229
30 98 228
30 99 459
30 100 173
31 32 377
31 33 595
31 34 249
31 35 265
31 36 576
31 37 944
31 38 185
31 39 272
31 40 404
31 41 234
31 42 446
31 43 367
31 44 434
31 45 499
31 46 135
31 47 829
31 48 676
31 49 416
31 50 136
31 51 276
31 52 353
31 53 629
31 54 985
31 55 168
31 56 571
31 57 992
31 58 862
31 59 232
31 60 963
31 61 630
31 62 983
31 63 719
31 64 702
31 65 975
31 66 51
31 67 381
31 68 662
31 69 893
31 70 368
31 71 863
31 72 520
31 73 384
31 74 638
31 75 616
31 76 428
31 77 667
31 78 289
31 79 618
31 80 990
31 81 289
31 82 645
31 83 905
31 84 360
31 85 758
31 86 775
31 87 648
31 88 129
31 89 421
31 90 348
31 91 214
31 92 263
31 93 109
31 94 930
31 95 628
31 96 950
31 97 759
31 98 378
31 99 21
31 100 670
32 33 778
32 34 556
32 35 980
32 36 674
32 37 341
32 38 95
32 39 859
32 40 381
32 41 298
32 42 573
32 43 914
32 44 690
32 45 304
32 46 711
32 47 740
32 48 637
32 49 427
32 50 372
32 51 484
32 52 79
32 53 880
32 54 138
32 55 252
32 56 662
32 57 205
32 58 263
32 59 159
32 60 623
32 61 844
32 62 937
32 63 293
32 64 146
32 65 746
32 66 362
32 67 742
32 68 301
32 69 237
32 70 19
32 71 338
32 72 489
32 73 663
32 74 326
32 75 798
32 76 148
32 77 975
32 78 443
32 79 229
32 80 483
32 81 542
32 82 755
32 83 778
32 84 833
32 85 809
32 86 92
32 87 427
32 88 865
32 89 777
32 90 928
32 91 625
32 92 215
32 93 747
32 94 312
32 95 503
32 96 494
32 97 421
32 98 635
32 99 140
32 100 200
33 34 509
33 35 217
33 36 249
33 37 85
33 38 538
33 39 746
33 40 529
33 41 932
33 42 945
33 43 973
33 44 419
33 45 527
33 46 668
33 47 619
33 48 452
33 49 109
33 50 928
33 51 430
33 52 598
33 53 254
33 54 478
33 55 310
33 56 920
33 57 743
33 58 546
33 59 526
33 60 712
33 61 719
33 62 677
33 63 932
33 64 755
33 65 298
33 66 105
33 67 827
33 68 658
33 69 701
33 70 720
33 71 48
33 72 316
33 73 496
33 74 705
33 75 309
33 76 632
33 77 956
33 78 854
33 79 85
33 80 788
33 81 671
33 82 923
33 83 30
33 84 617
33 85 909
33 86 554
33 87 249
33 88 466
33 89 843
33 90 308
33 91 354
33 92 971
33 93 684
33 94 428
33 95 359
33 96 455
33 97 886
33 98 748
33 99 156
33 100 663
34 35 793
34 36 393
34 37 11
34 38 768
34 39 936
34 40 442
34 41 359
34 42 988
34 43 830
34 44 75
34 45 138
34 46 719
34 47 560
34 48 680
34 49 753
34 50 232
34 51 421
34 52 726
34 53 257
34 54 242
34 55 953
34 56 491
34 57 828
34 58 246
34 59 128
34 60 243
34 61 777
34 62 314
34 63 910
34 64 452
34 65 655
34 66 652
34 67 878
34 68 227
34 69 345
34 70 424
34 71 330
34 72 391
34 73 616
34 74 517
34 75 697
34 76 167
34 77 130
34 78 770
34 79 80
34 80 613
34 81 989
34 82 163
34 83 558
34 84 80
34 85 632
34 86 988
34 87 779
34 88 938
34 89 512
34 90 386
34 91 472
34 92 417
34 93 899
34 94 1000
34 95 831
34 96 946
34 97 690
34 98 424
34 99 127
34 100 404
35 36 380
35 37 166
35 38 497
35 39 721
35 40 746
35 41 897
35 42 202
35 43 631
35 44 879
35 45 333
35 46 722
35 47 829
35 48 415
35 49 647
35 50 684
35 51 514
35 52 456
35 53 248
35 54 988
35 55 961
35 56 827
35 57 89
35 58 407
35 59 116
35 60 822
35 61 375
35 62 485
35 63 636
35 64 444
35 65 641
35 66 149
35 67 470
35 68 937
35 69 936
35 70 988
35 71 868
35 72 913
35 73 754
35 74 346
35 75 254
35 76 206
35 77 556
35 78 604
35 79 63
35 80 541
35 81 192
35 82 812
35 83 353
35 84 697
35 85 582
35 86 884
35 87 229
35 88 487
35 89 181
35 90 688
35 91 297
35 92 270
35 93 772
35 94 685
35 95 156
35 96 477
35 97 737
35 98 222
35 99 935
35 100 910
36 37 784
36 38 17
36 39 312
36 40 515
36 41 905
36 42 188
36 43 199
36 44 569
36 45 746
36 46 157
36 47 715
36 48 882
36 49 937
36 50 784
36 51 630
36 52 48
36 53 423
36 54 739
36 55 756
36 56 427
36 57 669
36 58 594
36 59 867
36 60 823
36 61 281
36 62 181
36 63 155
36 64 156
36 65 760
36 66 942
36 67 764
36 68 181
36 69 414
36 70 865
36 71 958
36 72 608
36 73 75
36 74 131
36 75 570
36 76 859
36 77 982
36 78 370
36 79 412
36 80 703
36 81 812
36 82 555
36 83 631
36 84 279
36 85 440
36 86 572
36 87 500
36 88 208
36 89 948
36 90 850
36 91 537
36 92 496
36 93 631
36 94 209
36 95 690
36 96 816
36 97 725
36 98 629
36 99 360
36 100 992
37 38 188
37 39 998
37 40 728
37 41 517
37 42 842
37 43 532
37 44 726
37 45 423
37 46 983
37 47 382
37 48 841
37 49 269
37 50 753
37 51 825
37 52 723
37 53 122
37 54 876
37 55 239
37 56 525
37 57 437
37 58 986
37 59 685
37 60 860
37 61 992
37 62 581
37 63 386
37 64 702
37 65 992
37 66 776
37 67 436
37 68 563
37 69 336
37 70 719
37 71 254
37 72 867
37 73 439
37 74 195
37 75 771
37 76 612
37 77 820
37 78 861
37 79 731
37 80 34
37 81 225
37 82 201
37 83 719
37 84 343
37 85 208
37 86 276
37 87 767
37 88 755
37 89 82
37 90 746
37 91 607
37 92 702
37 93 990
37 94 210
37 95 955
37 96 469
37 97 854
37 98 932
37 99 163
37 100 977
38 39 240
38 40 122
38 41 982
38 42 676
38 43 624
38 44 972
38 45 655
38 46 448
38 47 105
38 48 297
38 49 526
38 50 711
38 51 958
38 52 679
38 53 421
38 54 715
38 55 811
38 56 684
38 57 794
38 58 875
38 59 676
38 60 329
38 61 679
38 62 414
38 63 185
38 64 150
38 65 527
38 66 693
38 67 546
38 68 95
38 69 605
38 70 604
38 71 327
38 72 764
38 73 810
38 74 241
38 75 522
38 76 671
38 77 475
38 78 603
38 79 166
38 80 132
38 81 916
38 82 811
38 83 245
38 84 827
38 85 92
38 86 589
38 87 40
38 88 826
38 89 526
38 90 555
38 91 616
38 92 735
38 93 806
38 94 189
38 95 772
38 96 969
38 97 906
38 98 241
38 99 629
38 100 240
39 40 588
39 41 816
39 42 188
39 43 193
39 44 265
39 45 223
39 46 595
39 47 863
39 48 106
39 49 982
39 50 543
39 51 411
39 52 578
39 53 466
39 54 950
39 55 74
39 56 352
39 57 951
39 58 555
39 59 799
39 60 685
39 61 486
39 62 608
39 63 51
39 64 558
39 65 988
39 66 400
39 67 572
39 68 268
39 69 165
39 70 833
39 71 293
39 72 248
39 73 351
39 74 845
39 75 961
39 76 632
39 77 274
39 78 406
39 79 193
39 80 650
39 81 142
39 82 310
39 83 427
39 84 911
39 85 444
39 86 151
39 87 309
39 88 468
39 89 717
39 90 570
39 91 139
39 92 753
39 93 996
39 94 719
39 95 252
39 96 418
39 97 48
39 98 834
39 99 634
39 100 463
40 41 216
40 42 994
40 43 475
40 44 98
40 45 633
40 46 145
40 47 189
40 48 175
40 49 582
40 50 5
40 51 667
40 52 410
40 53 383
40 54 327
40 55 879
40 56 283
40 57 83
40 58 423
40 59 972
40 60 424
40 61 171
40 62 932
40 63 236
40 64 749
40 65 358
40 66 835
40 67 527
40 68 564
40 69 723
40 70 876
40 71 585
40 72 637
40 73 66
40 74 232
40 75 951
40 76 435
40 77 393
40 78 761
40 79 971
40 80 566
40 81 625
40 82 861
40 83 516
40 84 192
40 85 82
40 86 550
40 87 218
40 88 191
40 89 425
40 90 755
40 91 123
40 92 746
40 93 977
40 94 729
40 95 304
40 96 638
40 97 729
40 98 243
40 99 988
40 100 814
41 42 539
41 43 329
41 44 470
41 45 946
41 46 891
41 47 828
41 48 356
41 49 869
41 50 952
41 51 450
41 52 363
41 53 157
41 54 147
41 55 750
41 56 949
41 57 227
41 58 127
41 59 763
41 60 587
41 61 530
41 62 884
41 63 965
41 64 467
41 65 545
41 66 751
41 67 518
41 68 551
41 69 999
41 70 897
41 71 720
41 72 449
41 73 645
41 74 918
41 75 765
41 76 736
41 77 725
41 78 768
41 79 300
41 80 759
41 81 955
41 82 837
41 83 890
41 84 563
41 85 638
41 86 637
41 87 968
41 88 699
41 89 891
41 90 559
41 91 282
41 92 143
41 93 852
41 94 550
41 95 956
41 96 465
41 97 425
41 98 420
41 99 178
41 100 921
42 43 305
42 44 573
42 45 784
42 46 183
42 47 351
42 48 346
42 49 271
42 50 758
42 51 601
42 52 275
42 53 356
42 54 938
42 55 670
42 56 839
42 57 106
42 58 503
42 59 646
42 60 526
42 61 403
42 62 644
42 63 378
42 64 402
42 65 78
42 66 899
42 67 246
42 68 402
42 69 167
42 70 530
42 71 152
42 72 550
42 73 216
42 74 188
42 75 525
42 76 218
42 77 682
42 78 283
42 79 440
42 80 351
42 81 471
42 82 242
42 83 826
42 84 174
42 85 480
42 86 852
42 87 224
42 88 401
42 89 476
42 90 407
42 91 880
42 92 257
42 93 249
42 94 111
42 95 439
42 96 763
42 97 909
42 98 222
42 99 258
42 100 518
43 44 690
43 45 320
43 46 464
43 47 583
43 48 815
43 49 736
43 50 375
43 51 782
43 52 891
43 53 539
43 54 930
43 55 855
43 56 434
43 57 175
43 58 174
43 59 93
43 60 218
43 61 537
43 62 785
43 63 293
43 64 702
43 65 391
43 66 979
43 67 757
43 68 476
43 69 342
43 70 524
43 71 779
43 72 303
43 73 215
43 74 547
43 75 305
43 76 784
43 77 875
43 78 995
43 79 303
43 80 834
43 81 257
43 82 728
43 83 824
43 84 723
43 85 539
43 86 241
43 87 994
43 88 622
43 89 662
43 90 286
43 91 196
43 92 109
43 93 992
43 94 935
43 95 32
43 96 46
43 97 158
43 98 121
43 99 451
43 100 358
44 45 661
44 46 288
44 47 385
44 48 518
44 49 546
44 50 670
44 51 356
44 52 323
44 53 334
44 54 399
44 55 461
44 56 370
44 57 118
44 58 111
44 59 122
44 60 764
44 61 16
44 62 511
44 63 916
44 64 167
44 65 245
44 66 953
44 67 411
44 68 356
44 69 163
44 70 86
44 71 585
44 72 873
44 73 381
44 74 761
44 75 409
44 76 795
44 77 564
44 78 418
44 79 676
44 80 268
44 81 430
44 82 65
44 83 194
44 84 762
44 85 185
44 86 617
44 87 919
44 88 680
44 89 250
44 90 727
44 91 931
44 92 143
44 93 580
44 94 391
44 95 746
44 96 991
44 97 261
44 98 742
44 99 114
44 100 251
45 46 584
45 47 308
45 48 887
45 49 865
45 50 914
45 51 977
45 52 903
45 53 489
45 54 738
45 55 918
45 56 136
45 57 462
45 58 937
45 59 541
45 60 94
45 61 629
45 62 719
45 63 193
45 64 116
45 65 598
45 66 810
45 67 717
45 68 760
45 69 442
45 70 708
45 71 880
45 72 974
45 73 227
45 74 769
45 75 430
45 76 796
45 77 445
45 78 325
45 79 244
45 80 222
45 81 275
45 82 719
45 83 888
45 84 806
45 85 34
45 86 730
45 87 560
45 88 355
45 89 278
45 90 730
45 91 585
45 92 232
45 93 116
45 94 294
45 95 110
45 96 211
45 97 893
45 98 933
45 99 324
45 100 806
46 47 669
46 48 304
46 49 837
46 50 569
46 51 75
46 52 396
46 53 634
46 54 416
46 55 151
46 56 727
46 57 583
46 58 53
46 59 452
46 60 640
46 61 374
46 62 127
46 63 830
46 64 837
46 65 277
46 66 968
46 67 237
46 68 974
46 69 572
46 70 981
46 71 795
46 72 797
46 73 172
46 74 765
46 75 428
46 76 680
46 77 880
46 78 662
46 79 584
46 80 831
46 81 17
46 82 323
46 83 613
46 84 822
46 85 771
46 86 218
46 87 288
46 88 747
46 89 415
46 90 910
46 91 160
46 92 242
46 93 245
46 94 873
46 95 249
46 96 528
46 97 750
46 98 674
46 99 93
46 100 225
47 48 238
47 49 439
47 50 637
47 51 138
47 52 140
47 53 301
47 54 916
47 55 973
47 56 166
47 57 562
47 58 747
47 59 823
47 60 633
47 61 424
47 62 93
47 63 840
47 64 781
47 65 671
47 66 114
47 67 304
47 68 151
47 69 11
47 70 655
47 71 86
47 72 969
47 73 961
47 74 172
47 75 756
47 76 387
47 77 729
47 78 261
47 79 519
47 80 595
47 81 485
47 82 225
47 83 381
47 84 217
47 85 125
47 86 715
47 87 655
47 88 188
47 89 838
47 90 169
47 91 349
47 92 548
47 93 849
47 94 205
47 95 919
47 96 96
47 97 469
47 98 210
47 99 681
47 100 283
48 49 888
48 50 430
48 51 893
48 52 836
48 53 178
48 54 231
48 55 176
48 56 168
48 57 960
48 58 405
48 59 644
48 60 183
48 61 929
48 62 926
48 63 904
48 64 634
48 65 239
48 66 565
48 67 44
48 68 703
48 69 213
48 70 692
48 71 353
48 72 831
48 73 396
48 74 170
48 75 923
48 76 687
48 77 938
48 78 825
48 79 733
48 80 144
48 81 76
48 82 938
48 83 211
48 84 681
48 85 370
48 86 436
48 87 742
48 88 802
48 89 517
48 90 136
48 91 609
48 92 963
48 93 332
48 94 157
48 95 996
48 96 242
48 97 430
48 98 370
48 99 466
48 100 51
49 50 457
49 51 809
49 52 383
49 53 817
49 54 680
49 55 301
49 56 462
49 57 534
49 58 568
49 59 567
49 60 835
49 61 430
49 62 612
49 63 465
49 64 609
49 65 716
49 66 767
49 67 725
49 68 292
49 69 76
49 70 995
49 71 89
49 72 591
49 73 961
49 74 927
49 75 129
49 76 397
49 77 860
49 78 877
49 79 833
49 80 347
49 81 207
49 82 865
49 83 974
49 84 920
49 85 298
49 86 841
49 87 125
49 88 201
49 89 965
49 90 726
49 91 423
49 92 98
49 93 968
49 94 418
49 95 724
49 96 688
49 97 142
49 98 850
49 99 880
49 100 101
50 51 412
50 52 147
50 53 145
50 54 601
50 55 828
50 56 212
50 57 243
50 58 763
50 59 767
50 60 721
50 61 351
50 62 455
50 63 386
50 64 798
50 65 718
50 66 339
50 67 218
50 68 65
50 69 103
50 70 770
50 71 540
50 72 84
50 73 845
50 74 704
50 75 886
50 76 587
50 77 842
50 78 926
50 79 539
50 80 731
50 81 466
50 82 219
50 83 976
50 84 557
50 85 980
50 86 189
50 87 270
50 88 647
50 89 276
50 90 244
50 91 765
50 92 592
50 93 854
50 94 830
50 95 508
50 96 364
50 97 669
50 98 840
50 99 226
50 100 818
51 52 673
51 53 254
51 54 174
51 55 146
51 56 633
51 57 858
51 58 100
51 59 335
51 60 576
51 61 134
51 62 627
51 63 775
51 64 360
51 65 585
51 66 665
51 67 104
51 68 323
51 69 72
51 70 597
51 71 596
51 72 806
51 73 116
51 74 365
51 75 948
51 76 81
51 77 404
51 78 335
51 79 443
51 80 254
51 81 770
51 82 746
51 83 976
51 84 725
51 85 164
51 86 451
51 87 761
51 88 167
51 89 59
51 90 213
51 91 618
51 92 428
51 93 617
51 94 863
51 95 342
51 96 214
51 97 503
51 98 894
51 99 160
51 100 740
52 53 893
52 54 59
52 55 680
52 56 786
52 57 223
52 58 967
52 59 552
52 60 749
52 61 677
52 62 936
52 63 390
52 64 802
52 65 388
52 66 408
52 67 867
52 68 473
52 69 899
52 70 791
52 71 433
52 72 267
52 73 639
52 74 143
52 75 215
52 76 655
52 77 535
52 78 819
52 79 206
52 80 880
52 81 581
52 82 972
52 83 798
52 84 154
52 85 161
52 86 364
52 87 939
52 88 223
52 89 333
52 90 410
52 91 156
52 92 240
52 93 789
52 94 313
52 95 512
52 96 311
52 97 886
52 98 676
52 99 204
52 100 188
53 54 601
53 55 110
53 56 870
53 57 445
53 58 868
53 59 924
53 60 193
53 61 413
53 62 857
53 63 956
53 64 420
53 65 706
53 66 543
53 67 317
53 68 885
53 69 706
53 70 649
53 71 670
53 72 760
53 73 300
53 74 60
53 75 1
53 76 864
53 77 343
53 78 220
53 79 444
53 80 141
53 81 433
53 82 502
53 83 160
53 84 505
53 85 669
53 86 908
53 87 504
53 88 153
53 89 752
53 90 924
53 91 929
53 92 786
53 93 258
53 94 378
53 95 368
53 96 997
53 97 524
53 98 725
53 99 515
53 100 332
54 55 109
54 56 218
54 57 509
54 58 667
54 59 370
54 60 103
54 61 631
54 62 426
54 63 942
54 64 409
54 65 472
54 66 512
54 67 124
54 68 878
54 69 957
54 70 707
54 71 324
54 72 663
54 73 151
54 74 138
54 75 449
54 76 22
54 77 734
54 78 881
54 79 560
54 80 694
54 81 314
54 82 843
54 83 159
54 84 909
54 85 391
54 86 772
54 87 226
54 88 397
54 89 462
54 90 514
54 91 712
54 92 222
54 93 719
54 94 402
54 95 716
54 96 434
54 97 83
54 98 799
54 99 627
54 100 146
55 56 693
55 57 645
55 58 374
55 59 988
55 60 944
55 61 762
55 62 756
55 63 367
55 64 213
55 65 499
55 66 210
55 67 875
55 68 179
55 69 973
55 70 450
55 71 556
55 72 77
55 73 491
55 74 845
55 75 190
55 76 490
55 77 972
55 78 164
55 79 276
55 80 981
55 81 463
55 82 580
55 83 227
55 84 423
55 85 396
55 86 956
55 87 974
55 88 608
55 89 87
55 90 828
55 91 89
55 92 905
55 93 539
55 94 878
55 95 722
55 96 675
55 97 496
55 98 454
55 99 400
55 100 576
56 57 39
56 58 783
56 59 179
56 60 236
56 61 471
56 62 237
56 63 625
56 64 577
56 65 427
56 66 857
56 67 712
56 68 479
56 69 336
56 70 649
56 71 931
56 72 868
56 73 996
56 74 821
56 75 170
56 76 676
56 77 45
56 78 455
56 79 534
56 80 770
56 81 933
56 82 166
56 83 485
56 84 612
56 85 104
56 86 342
56 87 463
56 88 280
56 89 495
56 90 427
56 91 255
56 92 509
56 93 189
56 94 970
56 95 921
56 96 456
56 97 834
56 98 726
56 99 761
56 100 81
57 58 421
57 59 281
57 60 336
57 61 889
57 62 319
57 63 851
57 64 811
57 65 458
57 66 297
57 67 908
57 68 458
57 69 88
57 70 216
57 71 421
57 72 831
57 73 834
57 74 630
57 75 384
57 76 963
57 77 994
57 78 298
57 79 976
57 80 252
57 81 671
57 82 842
57 83 816
57 84 609
57 85 193
57 86 663
57 87 980
57 88 235
57 89 912
57 90 553
57 91 479
57 92 166
57 93 816
57 94 541
57 95 659
57 96 801
57 97 855
57 98 655
57 99 315
57 100 586
58 59 953
58 60 262
58 61 160
58 62 32
58 63 656
58 64 623
58 65 99
58 66 729
58 67 927
58 68 147
58 69 428
58 70 762
58 71 195
58 72 494
58 73 659
58 74 405
58 75 296
58 76 906
58 77 349
58 78 570
58 79 301
58 80 797
58 81 802
58 82 788
58 83 685
58 84 328
58 85 940
58 86 655
58 87 665
58 88 611
58 89 169
58 90 499
58 91 626
58 92 173
58 93 335
58 94 903
58 95 160
58 96 532
58 97 409
58 98 851
58 99 436
58 100 529
59 60 94
59 61 142
59 62 963
59 63 144
59 64 711
59 65 421
59 66 23
59 67 915
59 68 823
59 69 240
59 70 83
59 71 239
59 72 599
59 73 636
59 74 103
59 75 978
59 76 995
59 77 522
59 78 643
59 79 580
59 80 220
59 81 761
59 82 932
59 83 252
59 84 101
59 85 95
59 86 548
59 87 215
59 88 877
59 89 180
59 90 275
59 91 377
59 92 277
59 93 748
59 94 945
59 95 322
59 96 520
59 97 957
59 98 397
59 99 585
59 100 346
60 61 764
60 62 533
60 63 549
60 64 444
60 65 252
60 66 234
60 67 710
60 68 896
60 69 334
60 70 438
60 71 615
60 72 784
60 73 362
60 74 810
60 75 958
60 76 526
60 77 892
60 78 466
60 79 766
60 80 830
60 81 651
60 82 636
60 83 471
60 84 599
60 85 420
60 86 660
60 87 133
60 88 229
60 89 105
60 90 38
60 91 618
60 92 346
60 93 840
60 94 672
60 95 968
60 96 400
60 97 101
60 98 240
60 99 373
60 100 807
61 62 405
61 63 141
61 64 682
61 65 418
61 66 796
61 67 187
61 68 369
61 69 84
61 70 378
61 71 505
61 72 811
61 73 907
61 74 594
61 75 431
61 76 631
61 77 562
61 78 169
61 79 331
61 80 637
61 81 892
61 82 871
61 83 143
61 84 901
61 85 464
61 86 774
61 87 368
61 88 370
61 89 256
61 90 818
61 91 536
61 92 991
61 93 464
61 94 189
61 95 232
61 96 377
61 97 428
61 98 608
61 99 338
61 100 670
62 63 867
62 64 989
62 65 919
62 66 337
62 67 854
62 68 447
62 69 904
62 70 925
62 71 110
62 72 48
62 73 138
62 74 162
62 75 817
62 76 744
62 77 328
62 78 772
62 79 445
62 80 589
62 81 364
62 82 641
62 83 438
62 84 719
62 85 495
62 86 860
62 87 970
62 88 186
62 89 420
62 90 646
62 91 101
62 92 118
62 93 83
62 94 171
62 95 373
62 96 711
62 97 477
62 98 231
62 99 251
62 100 910
63 64 415
63 65 910
63 66 991
63 67 939
63 68 878
63 69 314
63 70 801
63 71 176
63 72 952
63 73 143
63 74 379
63 75 642
63 76 827
63 77 324
63 78 231
63 79 201
63 80 501
63 81 10
63 82 872
63 83 772
63 84 896
63 85 969
63 86 457
63 87 488
63 88 187
63 89 563
63 90 609
63 91 686
63 92 979
63 93 372
63 94 751
63 95 283
63 96 318
63 97 348
63 98 150
63 99 591
63 100 883
64 65 685
64 66 755
64 67 264
64 68 146
64 69 974
64 70 129
64 71 86
64 72 274
64 73 832
64 74 248
64 75 170
64 76 267
64 77 44
64 78 563
64 79 869
64 80 778
64 81 363
64 82 494
64 83 216
64 84 541
64 85 921
64 86 276
64 87 411
64 88 977
64 89 878
64 90 549
64 91 797
64 92 14
64 93 331
64 94 226
64 95 358
64 96 880
64 97 675
64 98 210
64 99 886
64 100 764
65 66 297
65 67 902
65 68 247
65 69 100
65 70 687
65 71 493
65 72 320
65 73 933
65 74 151
65 75 473
65 76 213
65 77 539
65 78 544
65 79 123
65 80 326
65 81 164
65 82 675
65 83 752
65 84 465
65 85 346
65 86 447
65 87 44
65 88 564
65 89 531
65 90 475
65 91 705
65 92 673
65 93 962
65 94 277
65 95 123
65 96 107
65 97 20
65 98 135
65 99 167
65 100 283
66 67 648
66 68 737
66 69 437
66 70 167
66 71 754
66 72 889
66 73 322
66 74 264
66 75 802
66 76 396
66 77 340
66 78 626
66 79 754
66 80 161
66 81 540
66 82 723
66 83 515
66 84 357
66 85 914
66 86 295
66 87 366
66 88 138
66 89 247
66 90 908
66 91 205
66 92 85
66 93 513
66 94 383
66 95 238
66 96 318
66 97 145
66 98 703
66 99 864
66 100 624
67 68 972
67 69 614
67 70 526
67 71 303
67 72 175
67 73 833
67 74 599
67 75 992
67 76 848
67 77 560
67 78 229
67 79 209
67 80 161
67 81 356
67 82 756
67 83 493
67 84 755
67 85 991
67 86 312
67 87 524
67 88 411
67 89 86
67 90 400
67 91 732
67 92 900
67 93 791
67 94 868
67 95 910
67 96 626
67 97 178
67 98 709
67 99 749
67 100 93
68 69 981
68 70 867
68 71 685
68 72 205
68 73 535
68 74 300
68 75 760
68 76 976
68 77 407
68 78 764
68 79 253
68 80 959
68 81 666
68 82 968
68 83 887
68 84 703
68 85 907
68 86 490
68 87 962
68 88 562
68 89 319
68 90 703
68 91 897
68 92 436
68 93 460
68 94 995
68 95 360
68 96 112
68 97 556
68 98 392
68 99 641
68 100 475
69 70 495
69 71 971
69 72 808
69 73 341
69 74 972
69 75 536
69 76 709
69 77 506
69 78 213
69 79 970
69 80 652
69 81 689
69 82 355
69 83 341
69 84 815
69 85 88
69 86 111
69 87 336
69 88 623
69 89 123
69 90 357
69 91 472
69 92 686
69 93 74
69 94 307
69 95 398
69 96 336
69 97 870
69 98 690
69 99 786
69 100 217
70 71 153
70 72 324
70 73 997
70 74 256
70 75 616
70 76 148
70 77 276
70 78 512
70 79 402
70 80 826
70 81 664
70 82 465
70 83 970
70 84 164
70 85 316
70 86 353
70 87 362
70 88 596
70 89 703
70 90 372
70 91 43
70 92 707
70 93 258
70 94 199
70 95 587
70 96 353
70 97 153
70 98 599
70 99 656
70 100 579
71 72 422
71 73 885
71 74 478
71 75 202
71 76 483
71 77 364
71 78 940
71 79 734
71 80 508
71 81 470
71 82 463
71 83 454
71 84 99
71 85 592
71 86 961
71 87 464
71 88 774
71 89 644
71 90 354
71 91 298
71 92 548
71 93 191
71 94 577
71 95 42
71 96 345
71 97 774
71 98 437
71 99 447
71 100 79
72 73 822
72 74 885
72 75 500
72 76 124
72 77 124
72 78 843
72 79 676
72 80 383
72 81 164
72 82 343
72 83 520
72 84 381
72 85 130
72 86 760
72 87 699
72 88 759
72 89 123
72 90 264
72 91 207
72 92 760
72 93 533
72 94 281
72 95 700
72 96 864
72 97 352
72 98 362
72 99 990
72 100 79
73 74 523
73 75 711
73 76 180
73 77 74
73 78 633
73 79 186
73 80 163
73 81 263
73 82 513
73 83 845
73 84 485
73 85 125
73 86 186
73 87 449
73 88 984
73 89 834
73 90 854
73 91 580
73 92 835
73 93 705
73 94 870
73 95 646
73 96 474
73 97 663
73 98 245
73 99 832
73 100 683
74 75 232
74 76 761
74 77 580
74 78 515
74 79 342
74 80 692
74 81 963
74 82 530
74 83 692
74 84 436
74 85 720
74 86 173
74 87 460
74 88 467
74 89 99
74 90 497
74 91 597
74 92 84
74 93 354
74 94 672
74 95 902
74 96 648
74 97 113
74 98 914
74 99 966
74 100 507
75 76 744
75 77 330
75 78 984
75 79 405
75 80 867
75 81 540
75 82 397
75 83 728
75 84 436
75 85 132
75 86 682
75 87 400
75 88 740
75 89 388
75 90 736
75 91 803
75 92 332
75 93 780
75 94 354
75 95 439
75 96 923
75 97 672
75 98 423
75 99 511
75 100 684
76 77 607
76 78 933
76 79 792
76 80 561
76 81 193
76 82 374
76 83 959
76 84 396
76 85 646
76 86 448
76 87 115
76 88 863
76 89 221
76 90 163
76 91 172
76 92 940
76 93 515
76 94 56
76 95 983
76 96 823
76 97 753
76 98 293
76 99 908
76 100 235
77 78 901
77 79 774
77 80 463
77 81 133
77 82 641
77 83 180
77 84 858
77 85 141
77 86 781
77 87 636
77 88 853
77 89 930
77 90 371
77 91 721
77 92 424
77 93 990
77 94 605
77 95 259
77 96 308
77 97 479
77 98 339
77 99 260
77 100 224
78 79 828
78 80 823
78 81 252
78 82 613
78 83 657
78 84 693
78 85 262
78 86 824
78 87 902
78 88 407
78 89 452
78 90 580
78 91 140
78 92 245
78 93 750
78 94 918
78 95 669
78 96 533
78 97 845
78 98 602
78 99 35
78 100 400
79 97 307
79 98 725
79 99 136
79 100 881
79 80 647
79 81 591
79 82 201
79 83 136
79 84 470
79 85 422
79 86 139
79 87 146
79 88 799
79 89 350
79 90 183
79 91 287
79 92 631
79 93 380
79 94 281
79 95 945
79 96 928
80 97 384
80 98 782
80 99 203
80 100 581
80 81 971
80 82 143
80 83 607
80 84 864
80 85 937
80 86 537
80 87 444
80 88 126
80 89 720
80 90 176
80 91 510
80 92 924
80 93 20
80 94 101
80 95 387
80 96 315
81 97 148
81 98 585
81 99 951
81 100 324
81 82 754
81 83 930
81 84 688
81 85 888
81 86 292
81 87 141
81 88 952
81 89 912
81 90 725
81 91 783
81 92 106
81 93 983
81 94 954
81 95 628
81 96 641
82 97 706
82 98 758
82 99 586
82 100 122
82 83 112
82 84 107
82 85 544
82 86 676
82 87 474
82 88 355
82 89 861
82 90 974
82 91 93
82 92 125
82 93 791
82 94 826
82 95 569
82 96 871
83 97 619
83 98 284
83 99 766
83 100 897
83 84 783
83 85 718
83 86 472
83 87 469
83 88 201
83 89 479
83 90 905
83 91 984
83 92 414
83 93 253
83 94 478
83 95 127
83 96 289
84 97 300
84 98 345
84 99 635
84 100 517
84 85 809
84 86 600
84 87 992
84 88 2
84 89 741
84 90 827
84 91 145
84 92 191
84 93 241
84 94 114
84 95 398
84 96 681
85 97 797
85 98 345
85 99 679
85 100 562
85 86 187
85 87 145
85 88 305
85 89 577
85 90 37
85 91 755
85 92 404
85 93 922
85 94 278
85 95 735
85 96 946
86 97 978
86 98 287
86 99 761
86 100 269
86 87 322
86 88 720
86 89 540
86 90 124
86 91 908
86 92 728
86 93 650
86 94 333
86 95 262
86 96 201
87 97 105
87 98 331
87 99 430
87 100 840
87 88 419
87 89 830
87 90 205
87 91 980
87 92 721
87 93 676
87 94 494
87 95 179
87 96 536
88 97 244
88 98 473
88 99 122
88 100 356
88 89 152
88 90 332
88 91 639
88 92 533
88 93 873
88 94 430
88 95 115
88 96 264
89 97 825
89 98 621
89 99 775
89 100 390
89 90 576
89 91 396
89 92 98
89 93 638
89 94 901
89 95 929
89 96 915
90 97 175
90 98 433
90 99 742
90 100 702
90 91 842
90 92 476
90 93 470
90 94 749
90 95 755
90 96 126
91 97 555
91 98 224
91 99 427
91 100 765
91 92 869
91 93 943
91 94 503
91 95 604
91 96 600
92 97 955
92 98 153
92 99 305
92 100 577
92 93 931
92 94 196
92 95 88
92 96 815
93 97 409
93 98 685
93 99 799
93 100 825
93 94 386
93 95 439
93 96 644
94 97 600
94 98 371
94 99 319
94 100 239
94 95 637
94 96 189
95 97 481
95 98 506
95 99 969
95 100 519
95 96 502
96 97 856
96 98 275
96 99 128
96 100 944
97 98 330
97 99 639
97 100 365
98 99 133
98 100 240
99 100 784
