100 4950
1 2 249
1 3 191
1 4 449
1 5 422
1 6 279
1 7 250
1 8 924
1 9 444
1 10 862
1 11 551
1 12 51
1 13 1000
1 14 837
1 15 969
1 16 927
1 17 849
1 18 167
1 19 486
1 20 214
1 21 402
1 22 59
1 23 379
1 24 986
1 25 266
1 26 785
1 27 456
1 28 424
1 29 958
1 30 996
1 31 556
1 32 719
1 33 155
1 34 297
1 35 969
1 36 580
1 37 543
1 38 748
1 39 58
1 40 585
1 41 503
1 42 853
1 43 158
1 44 961
1 45 81
1 46 186
1 47 596
1 48 676
1 49 236
1 50 120
1 51 891
1 52 247
1 53 595
1 54 620
1 55 420
1 56 584
1 57 523
1 58 935
1 59 205
1 60 717
1 61 239
1 62 396
1 63 672
1 64 300
1 65 317
1 66 752
1 67 73
1 68 459
1 69 999
1 70 997
1 71 74
1 72 214
1 73 266
1 74 934
1 75 881
1 76 880
1 77 370
1 78 158
1 79 834
1 80 704
1 81 612
1 82 988
1 83 654
1 84 8
1 85 818
1 86 300
1 87 664
1 88 939
1 89 135
1 90 116
1 91 108
1 92 554
1 93 273
1 94 605
1 95 718
1 96 204
1 97 635
1 98 264
1 99 489
1 100 906
2 3 847
2 4 93
2 5 424
2 6 277
2 7 4
2 8 772
2 9 638
2 10 262
2 11 742
2 12 552
2 13 428
2 14 10
2 15 76
2 16 884
2 17 904
2 18 546
2 19 835
2 20 583
2 21 149
2 22 128
2 23 309
2 24 899
2 25 797
2 26 861
2 27 899
2 28 211
2 29 250
2 30 103
2 31 781
2 32 885
2 33 407
2 34 621
2 35 155
2 36 930
2 37 865
2 38 977
2 39 811
2 40 882
2 41 25
2 42 737
2 43 333
2 44 931
2 45 803
2 46 865
2 47 811
2 48 267
2 49 788
2 50 109
2 51 873
2 52 859
2 53 223
2 54 817
2 55 461
2 56 306
2 57 796
2 58 228
2 59 24
2 60 194
2 61 329
2 62 865
2 63 967
2 64 280
2 65 642
2 66 400
2 67 982
2 68 537
2 69 940
2 70 116
2 71 971
2 72 179
2 73 963
2 74 266
2 75 109
2 76 435
2 77 729
2 78 314
2 79 607
2 80 512
2 81 386
2 82 577
2 83 255
2 84 709
2 85 2
2 86 926
2 87 539
2 88 720
2 89 742
2 90 671
2 91 365
2 92 70
2 93 665
2 94 331
2 95 314
2 96 849
2 97 720
2 98 301
2 99 310
2 100 409
3 4 403
3 5 296
3 6 128
3 7 421
3 8 941
3 9 678
3 10 903
3 11 616
3 12 301
3 13 548
3 14 1
3 15 287
3 16 430
3 17 580
3 18 655
3 19 465
3 20 443
3 21 214
3 22 474
3 23 902
3 24 797
3 25 170
3 26 85
3 27 516
3 28 633
3 29 336
3 30 819
3 31 752
3 32 673
3 33 225
3 34 200
3 35 25
3 36 245
3 37 476
3 38 850
3 39 73
3 40 415
3 41 630
3 42 195
3 43 697
3 44 495
3 45 244
3 46 657
3 47 6
3 48 751
3 49 771
3 50 107
3 51 426
3 52 176
3 53 958
3 54 518
3 55 51
3 56 250
3 57 849
3 58 457
3 59 802
3 60 668
3 61 988
3 62 596
3 63 951
3 64 892
3 65 613
3 66 720
3 67 505
3 68 831
3 69 548
3 70 898
3 71 744
3 72 475
3 73 260
3 74 248
3 75 638
3 76 766
3 77 522
3 78 627
3 79 275
3 80 78
3 81 286
3 82 272
3 83 320
3 84 541
3 85 139
3 86 232
3 87 694
3 88 707
3 89 65
3 90 408
3 91 543
3 92 416
3 93 207
3 94 421
3 95 905
3 96 585
3 97 696
3 98 857
3 99 766
3 100 381
4 5 6
4 6 352
4 7 754
4 8 854
4 9 954
4 10 420
4 11 748
4 12 547
4 13 604
4 14 221
4 15 220
4 16 436
4 17 30
4 18 337
4 19 680
4 20 405
4 21 166
4 22 468
4 23 128
4 24 623
4 25 27
4 26 395
4 27 565
4 28 28
4 29 643
4 30 136
4 31 462
4 32 51
4 33 380
4 34 212
4 35 327
4 36 762
4 37 380
4 38 753
4 39 832
4 40 253
4 41 82
4 42 20
4 43 540
4 44 1000
4 45 350
4 46 651
4 47 782
4 48 652
4 49 755
4 50 950
4 51 200
4 52 21
4 53 153
4 54 127
4 55 670
4 56 564
4 57 218
4 58 700
4 59 767
4 60 168
4 61 608
4 62 748
4 63 115
4 64 820
4 65 965
4 66 109
4 67 26
4 68 312
4 69 678
4 70 959
4 71 397
4 72 716
4 73 76
4 74 691
4 75 628
4 76 102
4 77 773
4 78 851
4 79 601
4 80 122
4 81 984
4 82 783
4 83 348
4 84 429
4 85 371
4 86 506
4 87 342
4 88 850
4 89 823
4 90 106
4 91 961
4 92 636
4 93 829
4 94 708
4 95 436
4 96 734
4 97 966
4 98 271
4 99 809
4 100 539
5 6 484
5 7 436
5 8 732
5 9 269
5 10 852
5 11 831
5 12 87
5 13 882
5 14 244
5 15 465
5 16 611
5 17 379
5 18 29
5 19 851
5 20 182
5 21 213
5 22 798
5 23 341
5 24 881
5 25 702
5 26 277
5 27 11
5 28 949
5 29 86
5 30 721
5 31 489
5 32 759
5 33 691
5 34 646
5 35 491
5 36 793
5 37 94
5 38 222
5 39 692
5 40 307
5 41 582
5 42 474
5 43 531
5 44 426
5 45 746
5 46 331
5 47 703
5 48 271
5 49 252
5 50 121
5 51 193
5 52 120
5 53 536
5 54 763
5 55 186
5 56 217
5 57 485
5 58 725
5 59 977
5 60 525
5 61 283
5 62 101
5 63 195
5 64 228
5 65 180
5 66 15
5 67 535
5 68 275
5 69 975
5 70 554
5 71 698
5 72 127
5 73 869
5 74 491
5 75 873
5 76 575
5 77 470
5 78 441
5 79 185
5 80 52
5 81 942
5 82 478
5 83 823
5 84 401
5 85 75
5 86 630
5 87 54
5 88 150
5 89 563
5 90 304
5 91 994
5 92 119
5 93 765
5 94 607
5 95 791
5 96 226
5 97 523
5 98 451
5 99 443
5 100 861
6 7 991
6 8 306
6 9 622
6 10 610
6 11 741
6 12 948
6 13 208
6 14 212
6 15 661
6 16 158
6 17 174
6 18 76
6 19 3
6 20 451
6 21 594
6 22 292
6 23 232
6 24 707
6 25 703
6 26 455
6 27 688
6 28 924
6 29 788
6 30 626
6 31 662
6 32 934
6 33 426
6 34 545
6 35 648
6 36 909
6 37 827
6 38 72
6 39 166
6 40 308
6 41 749
6 42 570
6 43 289
6 44 125
6 45 689
6 46 700
6 47 943
6 48 501
6 49 494
6 50 81
6 51 40
6 52 433
6 53 323
6 54 251
6 55 92
6 56 962
6 57 836
6 58 576
6 59 951
6 60 1000
6 61 673
6 62 270
6 63 41
6 64 757
6 65 471
6 66 652
6 67 917
6 68 182
6 69 586
6 70 635
6 71 492
6 72 92
6 73 348
6 74 334
6 75 671
6 76 858
6 77 330
6 78 694
6 79 289
6 80 946
6 81 814
6 82 551
6 83 455
6 84 315
6 85 324
6 86 971
6 87 405
6 88 515
6 89 989
6 90 658
6 91 543
6 92 414
6 93 188
6 94 362
6 95 757
6 96 626
6 97 760
6 98 204
6 99 550
6 100 928
7 8 439
7 9 699
7 10 122
7 11 974
7 12 609
7 13 240
7 14 159
7 15 551
7 16 553
7 17 94
7 18 993
7 19 913
7 20 462
7 21 118
7 22 833
7 23 499
7 24 717
7 25 509
7 26 274
7 27 835
7 28 981
7 29 244
7 30 552
7 31 384
7 32 922
7 33 509
7 34 880
7 35 865
7 36 277
7 37 791
7 38 415
7 39 935
7 40 508
7 41 821
7 42 283
7 43 299
7 44 587
7 45 999
7 46 490
7 47 149
7 48 539
7 49 346
7 50 552
7 51 544
7 52 456
7 53 322
7 54 189
7 55 698
7 56 572
7 57 234
7 58 776
7 59 44
7 60 745
7 61 706
7 62 812
7 63 387
7 64 664
7 65 821
7 66 981
7 67 496
7 68 38
7 69 503
7 70 591
7 71 870
7 72 875
7 73 441
7 74 526
7 75 457
7 76 723
7 77 410
7 78 655
7 79 155
7 80 470
7 81 970
7 82 339
7 83 693
7 84 650
7 85 852
7 86 853
7 87 860
7 88 381
7 89 317
7 90 719
7 91 760
7 92 873
7 93 36
7 94 69
7 95 632
7 96 921
7 97 998
7 98 747
7 99 434
7 100 99
8 9 634
8 10 873
8 11 444
8 12 695
8 13 904
8 14 46
8 15 797
8 16 294
8 17 375
8 18 146
8 19 532
8 20 566
8 21 793
8 22 170
8 23 79
8 24 871
8 25 620
8 26 241
8 27 913
8 28 144
8 29 462
8 30 254
8 31 256
8 32 10
8 33 805
8 34 902
8 35 678
8 36 158
8 37 442
8 38 346
8 39 588
8 40 639
8 41 425
8 42 251
8 43 846
8 44 200
8 45 385
8 46 484
8 47 238
8 48 572
8 49 575
8 50 993
8 51 296
8 52 978
8 53 659
8 54 275
8 55 566
8 56 686
8 57 745
8 58 50
8 59 607
8 60 497
8 61 905
8 62 287
8 63 799
8 64 608
8 65 353
8 66 637
8 67 621
8 68 678
8 69 721
8 70 660
8 71 839
8 72 629
8 73 904
8 74 647
8 75 309
8 76 441
8 77 580
8 78 733
8 79 91
8 80 296
8 81 748
8 82 176
8 83 133
8 84 540
8 85 972
8 86 531
8 87 914
8 88 831
8 89 257
8 90 825
8 91 482
8 92 807
8 93 747
8 94 339
8 95 116
8 96 963
8 97 141
8 98 967
8 99 861
8 100 725
9 10 980
9 11 968
9 12 805
9 13 366
9 14 791
9 15 14
9 16 537
9 17 455
9 18 673
9 19 673
9 20 585
9 21 823
9 22 941
9 23 109
9 24 234
9 25 26
9 26 885
9 27 562
9 28 916
9 29 222
9 30 64
9 31 824
9 32 910
9 33 303
9 34 409
9 35 140
9 36 947
9 37 305
9 38 493
9 39 98
9 40 888
9 41 136
9 42 454
9 43 671
9 44 744
9 45 946
9 46 420
9 47 743
9 48 155
9 49 415
9 50 100
9 51 490
9 52 409
9 53 952
9 54 33
9 55 371
9 56 444
9 57 951
9 58 856
9 59 100
9 60 686
9 61 545
9 62 978
9 63 359
9 64 399
9 65 190
9 66 123
9 67 849
9 68 455
9 69 663
9 70 642
9 71 598
9 72 22
9 73 787
9 74 244
9 75 126
9 76 565
9 77 69
9 78 766
9 79 208
9 80 216
9 81 870
9 82 329
9 83 148
9 84 901
9 85 3
9 86 859
9 87 145
9 88 130
9 89 251
9 90 175
9 91 662
9 92 26
9 93 15
9 94 790
9 95 238
9 96 324
9 97 175
9 98 53
9 99 742
9 100 527
10 11 746
10 12 477
10 13 779
10 14 514
10 15 110
10 16 504
10 17 946
10 18 44
10 19 784
10 20 867
10 21 522
10 22 459
10 23 965
10 24 61
10 25 479
10 26 402
10 27 687
10 28 491
10 29 910
10 30 74
10 31 81
10 32 609
10 33 66
10 34 276
10 35 634
10 36 549
10 37 326
10 38 995
10 39 531
10 40 454
10 41 606
10 42 100
10 43 702
10 44 853
10 45 651
10 46 769
10 47 721
10 48 216
10 49 452
10 50 229
10 51 339
10 52 454
10 53 416
10 54 96
10 55 427
10 56 666
10 57 375
10 58 153
10 59 923
10 60 68
10 61 832
10 62 94
10 63 97
10 64 739
10 65 812
10 66 557
10 67 587
10 68 562
10 69 330
10 70 123
10 71 354
10 72 666
10 73 751
10 74 869
10 75 722
10 76 969
10 77 601
10 78 352
10 79 578
10 80 213
10 81 657
10 82 225
10 83 109
10 84 846
10 85 368
10 86 763
10 87 575
10 88 808
10 89 846
10 90 975
10 91 819
10 92 614
10 93 643
10 94 27
10 95 930
10 96 830
10 97 268
10 98 181
10 99 703
10 100 309
11 12 340
11 13 7
11 14 870
11 15 567
11 16 401
11 17 142
11 18 634
11 19 31
11 20 747
11 21 216
11 22 420
11 23 341
11 24 371
11 25 722
11 26 777
11 27 568
11 28 85
11 29 53
11 30 158
11 31 618
11 32 674
11 33 273
11 34 662
11 35 486
11 36 443
11 37 274
11 38 755
11 39 114
11 40 430
11 41 284
11 42 679
11 43 487
11 44 668
11 45 46
11 46 396
11 47 600
11 48 8
11 49 302
11 50 212
11 51 138
11 52 256
11 53 329
11 54 8
11 55 748
11 56 176
11 57 381
11 58 704
11 59 501
11 60 834
11 61 807
11 62 73
11 63 862
11 64 43
11 65 19
11 66 922
11 67 863
11 68 576
11 69 574
11 70 710
11 71 418
11 72 116
11 73 21
11 74 325
11 75 802
11 76 619
11 77 833
11 78 920
11 79 89
11 80 845
11 81 244
11 82 589
11 83 524
11 84 396
11 85 311
11 86 340
11 87 334
11 88 169
11 89 511
11 90 115
11 91 510
11 92 906
11 93 350
11 94 728
11 95 819
11 96 816
11 97 237
11 98 147
11 99 198
11 100 603
12 13 761
12 14 656
12 15 178
12 16 773
12 17 495
12 18 755
12 19 760
12 20 449
12 21 925
12 22 565
12 23 636
12 24 625
12 25 865
12 26 628
12 27 151
12 28 69
12 29 443
12 30 303
12 31 275
12 32 57
12 33 508
12 34 311
12 35 452
12 36 57
12 37 832
12 38 77
12 39 865
12 40 856
12 41 616
12 42 508
12 43 463
12 44 555
12 45 792
12 46 896
12 47 450
12 48 810
12 49 652
12 50 322
12 51 476
12 52 151
12 53 62
12 54 104
12 55 900
12 56 344
12 57 715
12 58 505
12 59 173
12 60 248
12 61 438
12 62 440
12 63 523
12 64 159
12 65 373
12 66 283
12 67 409
12 68 339
12 69 598
12 70 790
12 71 648
12 72 66
12 73 95
12 74 679
12 75 285
12 76 724
12 77 657
12 78 907
12 79 874
12 80 334
12 81 583
12 82 142
12 83 350
12 84 968
12 85 699
12 86 392
12 87 596
12 88 939
12 89 310
12 90 377
12 91 792
12 92 814
12 93 671
12 94 829
12 95 739
12 96 686
12 97 527
12 98 647
12 99 424
12 100 362
13 14 363
13 15 181
13 16 215
13 17 948
13 18 487
13 19 227
13 20 138
13 21 78
13 22 845
13 23 102
13 24 771
13 25 836
13 26 884
13 27 38
13 28 337
13 29 767
13 30 132
13 31 377
13 32 163
13 33 832
13 34 772
13 35 810
13 36 166
13 37 438
13 38 411
13 39 677
13 40 238
13 41 445
13 42 285
13 43 749
13 44 449
13 45 535
13 46 310
13 47 809
13 48 470
13 49 836
13 50 368
13 51 948
13 52 985
13 53 462
13 54 282
13 55 382
13 56 528
13 57 967
13 58 817
13 59 802
13 60 139
13 61 251
13 62 642
13 63 875
13 64 555
13 65 103
13 66 846
13 67 852
13 68 286
13 69 764
13 70 273
13 71 906
13 72 148
13 73 438
13 74 947
13 75 223
13 76 452
13 77 350
13 78 27
13 79 54
13 80 503
13 81 236
13 82 995
13 83 375
13 84 29
13 85 931
13 86 840
13 87 650
13 88 792
13 89 138
13 90 287
13 91 830
13 92 697
13 93 139
13 94 706
13 95 449
13 96 6
13 97 80
13 98 256
13 99 835
13 100 549
14 15 728
14 16 528
14 17 112
14 18 289
14 19 302
14 20 48
14 21 420
14 22 794
14 23 458
14 24 111
14 25 906
14 26 597
14 27 17
14 28 516
14 29 242
14 30 144
14 31 430
14 32 615
14 33 241
14 34 417
14 35 665
14 36 86
14 37 975
14 38 68
14 39 527
14 40 508
14 41 989
14 42 555
14 43 391
14 44 471
14 45 636
14 46 982
14 47 254
14 48 17
14 49 789
14 50 345
14 51 733
14 52 629
14 53 772
14 54 736
14 55 333
14 56 45
14 57 547
14 58 814
14 59 176
14 60 780
14 61 465
14 62 696
14 63 632
14 64 812
14 65 64
14 66 777
14 67 458
14 68 294
14 69 44
14 70 200
14 71 42
14 72 934
14 73 516
14 74 990
14 75 544
14 76 254
14 77 754
14 78 192
14 79 357
14 80 781
14 81 866
14 82 332
14 83 125
14 84 369
14 85 890
14 86 744
14 87 895
14 88 387
14 89 974
14 90 497
14 91 498
14 92 925
14 93 520
14 94 802
14 95 728
14 96 79
14 97 603
14 98 823
14 99 546
14 100 322
15 16 81
15 17 661
15 18 307
15 19 603
15 20 427
15 21 690
15 22 352
15 23 43
15 24 871
15 25 353
15 26 999
15 27 275
15 28 981
15 29 948
15 30 76
15 31 638
15 32 364
15 33 802
15 34 680
15 35 953
15 36 143
15 37 608
15 38 782
15 39 35
15 40 68
15 41 779
15 42 367
15 43 383
15 44 568
15 45 606
15 46 680
15 47 949
15 48 373
15 49 764
15 50 574
15 51 530
15 52 399
15 53 650
15 54 250
15 55 114
15 56 736
15 57 500
15 58 387
15 59 562
15 60 262
15 61 261
15 62 447
15 63 997
15 64 286
15 65 917
15 66 492
15 67 123
15 68 853
15 69 453
15 70 899
15 71 446
15 72 88
15 73 682
15 74 846
15 75 320
15 76 348
15 77 65
15 78 543
15 79 892
15 80 852
15 81 712
15 82 928
15 83 638
15 84 794
15 85 509
15 86 122
15 87 201
15 88 139
15 89 791
15 90 27
15 91 555
15 92 369
15 93 804
15 94 552
15 95 612
15 96 87
15 97 310
15 98 1000
15 99 719
15 100 526
16 17 770
16 18 824
16 19 74
16 20 973
16 21 643
16 22 450
16 23 681
16 24 345
16 25 878
16 26 781
16 27 640
16 28 182
16 29 967
16 30 433
16 31 911
16 32 56
16 33 125
16 34 154
16 35 165
16 36 323
16 37 710
16 38 347
16 39 941
16 40 895
16 41 846
16 42 251
16 43 636
16 44 551
16 45 126
16 46 303
16 47 534
16 48 503
16 49 169
16 50 942
16 51 155
16 52 659
16 53 721
16 54 606
16 55 843
16 56 564
16 57 826
16 58 29
16 59 46
16 60 642
16 61 577
16 62 652
16 63 767
16 64 417
16 65 639
16 66 499
16 67 628
16 68 290
16 69 957
16 70 483
16 71 805
16 72 685
16 73 298
16 74 73
16 75 60
16 76 440
16 77 485
16 78 205
16 79 607
16 80 313
16 81 719
16 82 735
16 83 861
16 84 976
16 85 131
16 86 371
16 87 562
16 88 320
16 89 467
16 90 268
16 91 248
16 92 97
16 93 291
16 94 385
16 95 616
16 96 249
16 97 866
16 98 160
16 99 328
16 100 578
17 18 313
17 19 764
17 20 499
17 21 515
17 22 499
17 23 309
17 24 24
17 25 946
17 26 506
17 27 967
17 28 216
17 29 353
17 30 51
17 31 495
17 32 883
17 33 655
17 34 471
17 35 537
17 36 848
17 37 431
17 38 883
17 39 728
17 40 764
17 41 366
17 42 401
17 43 571
17 44 195
17 45 554
17 46 74
17 47 505
17 48 765
17 49 280
17 50 990
17 51 681
17 52 119
17 53 976
17 54 394
17 55 795
17 56 340
17 57 939
17 58 755
17 59 200
17 60 510
17 61 501
17 62 46
17 63 138
17 64 334
17 65 474
17 66 457
17 67 607
17 68 516
17 69 328
17 70 614
17 71 163
17 72 991
17 73 740
17 74 300
17 75 337
17 76 829
17 77 533
17 78 709
17 79 300
17 80 816
17 81 369
17 82 674
17 83 980
17 84 584
17 85 797
17 86 726
17 87 689
17 88 27
17 89 475
17 90 968
17 91 783
17 92 777
17 93 578
17 94 722
17 95 584
17 96 171
17 97 630
17 98 620
17 99 842
17 100 148
18 19 681
18 20 32
18 21 949
18 22 110
18 23 19
18 24 314
18 25 152
18 26 691
18 27 411
18 28 775
18 29 921
18 30 873
18 31 736
18 32 63
18 33 139
18 34 208
18 35 326
18 36 663
18 37 526
18 38 314
18 39 174
18 40 913
18 41 343
18 42 355
18 43 772
18 44 721
18 45 644
18 46 694
18 47 611
18 48 193
18 49 247
18 50 559
18 51 225
18 52 973
18 53 298
18 54 290
18 55 208
18 56 705
18 57 318
18 58 349
18 59 934
18 60 796
18 61 274
18 62 122
18 63 677
18 64 380
18 65 981
18 66 819
18 67 955
18 68 805
18 69 291
18 70 288
18 71 715
18 72 347
18 73 443
18 74 257
18 75 480
18 76 203
18 77 539
18 78 934
18 79 697
18 80 138
18 81 616
18 82 587
18 83 243
18 84 670
18 85 532
18 86 638
18 87 53
18 88 414
18 89 718
18 90 101
18 91 771
18 92 6
18 93 551
18 94 930
18 95 407
18 96 936
18 97 879
18 98 478
18 99 200
18 100 964
19 20 322
19 21 646
19 22 908
19 23 90
19 24 575
19 25 536
19 26 724
19 27 937
19 28 914
19 29 176
19 30 883
19 31 176
19 32 920
19 33 998
19 34 397
19 35 496
19 36 937
19 37 963
19 38 927
19 39 877
19 40 10
19 41 568
19 42 108
19 43 983
19 44 285
19 45 990
19 46 544
19 47 494
19 48 939
19 49 852
19 50 469
19 51 193
19 52 113
19 53 163
19 54 459
19 55 258
19 56 187
19 57 737
19 58 791
19 59 568
19 60 758
19 61 176
19 62 857
19 63 898
19 64 827
19 65 516
19 66 87
19 67 670
19 68 185
19 69 141
19 70 324
19 71 249
19 72 261
19 73 236
19 74 754
19 75 955
19 76 302
19 77 723
19 78 12
19 79 654
19 80 693
19 81 63
19 82 119
19 83 307
19 84 406
19 85 503
19 86 896
19 87 704
19 88 311
19 89 118
19 90 917
19 91 296
19 92 615
19 93 220
19 94 134
19 95 154
19 96 748
19 97 606
19 98 416
19 99 550
19 100 471
20 21 538
20 22 665
20 23 219
20 24 248
20 25 755
20 26 874
20 27 82
20 28 447
20 29 704
20 30 79
20 31 565
20 32 62
20 33 548
20 34 506
20 35 573
20 36 150
20 37 329
20 38 521
20 39 117
20 40 206
20 41 584
20 42 91
20 43 511
20 44 809
20 45 454
20 46 514
20 47 457
20 48 58
20 49 463
20 50 807
20 51 724
20 52 396
20 53 817
20 54 746
20 55 579
20 56 46
20 57 345
20 58 64
20 59 995
20 60 935
20 61 70
20 62 934
20 63 32
20 64 409
20 65 769
20 66 766
20 67 979
20 68 646
20 69 421
20 70 993
20 71 383
20 72 870
20 73 907
20 74 376
20 75 683
20 76 662
20 77 540
20 78 654
20 79 348
20 80 179
20 81 538
20 82 529
20 83 728
20 84 223
20 85 4
20 86 23
20 87 299
20 88 674
20 89 545
20 90 532
20 91 824
20 92 248
20 93 347
20 94 276
20 95 938
20 96 726
20 97 113
20 98 810
20 99 420
20 100 767
21 22 884
21 23 16
21 24 207
21 25 101
21 26 34
21 27 598
21 28 704
21 29 49
21 30 741
21 31 403
21 32 235
21 33 218
21 34 864
21 35 57
21 36 504
21 37 290
21 38 816
21 39 732
21 40 319
21 41 598
21 42 673
21 43 321
21 44 302
21 45 144
21 46 661
21 47 222
21 48 301
21 49 61
21 50 949
21 51 880
21 52 912
21 53 626
21 54 428
21 55 496
21 56 973
21 57 942
21 58 672
21 59 786
21 60 319
21 61 417
21 62 150
21 63 377
21 64 755
21 65 474
21 66 850
21 67 301
21 68 708
21 69 806
21 70 915
21 71 563
21 72 968
21 73 558
21 74 135
21 75 243
21 76 204
21 77 647
21 78 923
21 79 848
21 80 93
21 81 725
21 82 191
21 83 269
21 84 674
21 85 603
21 86 874
21 87 189
21 88 762
21 89 725
21 90 559
21 91 480
21 92 870
21 93 333
21 94 958
21 95 16
21 96 938
21 97 963
21 98 118
21 99 1000
21 100 479
22 23 243
22 24 605
22 25 205
22 26 916
22 27 553
22 28 776
22 29 381
22 30 534
22 31 360
22 32 262
22 33 513
22 34 498
22 35 99
22 36 982
22 37 470
22 38 840
22 39 915
22 40 371
22 41 414
22 42 563
22 43 222
22 44 146
22 45 261
22 46 935
22 47 580
22 48 418
22 49 153
22 50 330
22 51 380
22 52 834
22 53 500
22 54 655
22 55 685
22 56 258
22 57 822
22 58 967
22 59 642
22 60 491
22 61 169
22 62 795
22 63 170
22 64 721
22 65 489
22 66 917
22 67 543
22 68 642
22 69 59
22 70 34
22 71 847
22 72 946
22 73 669
22 74 765
22 75 413
22 76 843
22 77 232
22 78 708
22 79 10
22 80 506
22 81 374
22 82 618
22 83 667
22 84 617
22 85 484
22 86 488
22 87 7
22 88 552
22 89 12
22 90 530
22 91 275
22 92 978
22 93 18
22 94 814
22 95 675
22 96 807
22 97 910
22 98 108
22 99 97
22 100 149
23 24 192
23 25 527
23 26 816
23 27 268
23 28 397
23 29 374
23 30 407
23 31 566
23 32 991
23 33 226
23 34 685
23 35 848
23 36 654
23 37 859
23 38 760
23 39 94
23 40 380
23 41 553
23 42 57
23 43 10
23 44 172
23 45 500
23 46 434
23 47 785
23 48 566
23 49 858
23 50 96
23 51 529
23 52 43
23 53 212
23 54 869
23 55 888
23 56 476
23 57 47
23 58 75
23 59 926
23 60 900
23 61 564
23 62 33
23 63 929
23 64 315
23 65 962
23 66 588
23 67 753
23 68 713
23 69 399
23 70 77
23 71 163
23 72 241
23 73 835
23 74 390
23 75 897
23 76 332
23 77 756
23 78 140
23 79 989
23 80 725
23 81 501
23 82 975
23 83 54
23 84 438
23 85 839
23 86 341
23 87 770
23 88 955
23 89 397
23 90 774
23 91 30
23 92 274
23 93 993
23 94 491
23 95 356
23 96 942
23 97 432
23 98 680
23 99 661
23 100 86
24 25 619
24 26 799
24 27 714
24 28 83
24 29 155
24 30 712
24 31 634
24 32 740
24 33 317
24 34 107
24 35 6
24 36 309
24 37 360
24 38 270
24 39 133
24 40 188
24 41 449
24 42 555
24 43 409
24 44 27
24 45 354
24 46 94
24 47 599
24 48 325
24 49 386
24 50 292
24 51 388
24 52 85
24 53 902
24 54 906
24 55 979
24 56 572
24 57 170
24 58 381
24 59 139
24 60 302
24 61 494
24 62 64
24 63 435
24 64 422
24 65 485
24 66 77
24 67 252
24 68 247
24 69 626
24 70 594
24 71 196
24 72 107
24 73 305
24 74 949
24 75 333
24 76 621
24 77 805
24 78 330
24 79 335
24 80 816
24 81 860
24 82 975
24 83 137
24 84 321
24 85 948
24 86 201
24 87 315
24 88 965
24 89 969
24 90 292
24 91 695
24 92 492
24 93 576
24 94 243
24 95 377
24 96 817
24 97 393
24 98 114
24 99 564
24 100 593
25 26 546
25 27 682
25 28 551
25 29 954
25 30 462
25 31 709
25 32 439
25 33 292
25 34 693
25 35 819
25 36 796
25 37 410
25 38 500
25 39 634
25 40 243
25 41 659
25 42 716
25 43 790
25 44 74
25 45 991
25 46 480
25 47 401
25 48 507
25 49 921
25 50 692
25 51 544
25 52 791
25 53 360
25 54 896
25 55 537
25 56 639
25 57 85
25 58 769
25 59 658
25 60 356
25 61 647
25 62 45
25 63 984
25 64 678
25 65 400
25 66 753
25 67 966
25 68 431
25 69 11
25 70 259
25 71 511
25 72 519
25 73 581
25 74 576
25 75 446
25 76 392
25 77 773
25 78 589
25 79 501
25 80 345
25 81 25
25 82 105
25 83 416
25 84 962
25 85 117
25 86 941
25 87 142
25 88 312
25 89 456
25 90 207
25 91 483
25 92 477
25 93 439
25 94 697
25 95 319
25 96 301
25 97 811
25 98 116
25 99 850
25 100 648
26 27 678
26 28 165
26 29 984
26 30 244
26 31 175
26 32 161
26 33 560
26 34 959
26 35 232
26 36 406
26 37 185
26 38 641
26 39 433
26 40 30
26 41 615
26 42 198
26 43 593
26 44 389
26 45 705
26 46 206
26 47 753
26 48 809
26 49 63
26 50 102
26 51 872
26 52 187
26 53 326
26 54 458
26 55 263
26 56 863
26 57 528
26 58 640
26 59 597
26 60 612
26 61 588
26 62 348
26 63 846
26 64 618
26 65 814
26 66 706
26 67 298
26 68 615
26 69 85
26 70 134
26 71 118
26 72 306
26 73 184
26 74 694
26 75 511
26 76 419
26 77 138
26 78 384
26 79 186
26 80 636
26 81 694
26 82 646
26 83 1000
26 84 555
26 85 490
26 86 141
26 87 315
26 88 452
26 89 54
26 90 360
26 91 10
26 92 137
26 93 816
26 94 964
26 95 506
26 96 495
26 97 685
26 98 416
26 99 840
26 100 489
27 28 83
27 29 31
27 30 762
27 31 293
27 32 275
27 33 538
27 34 169
27 35 458
27 36 743
27 37 766
27 38 550
27 39 114
27 40 115
27 41 776
27 42 824
27 43 367
27 44 823
27 45 42
27 46 719
27 47 547
27 48 990
27 49 103
27 50 831
27 51 752
27 52 298
27 53 1000
27 54 450
27 55 349
27 56 817
27 57 440
27 58 994
27 59 776
27 60 237
27 61 811
27 62 588
27 63 351
27 64 711
27 65 633
27 66 166
27 67 140
27 68 207
27 69 207
27 70 60
27 71 351
27 72 282
27 73 539
27 74 324
27 75 705
27 76 290
27 77 268
27 78 859
27 79 986
27 80 680
27 81 96
27 82 963
27 83 786
27 84 919
27 85 993
27 86 868
27 87 127
27 88 867
27 89 250
27 90 712
27 91 829
27 92 762
27 93 677
27 94 490
27 95 578
27 96 269
27 97 415
27 98 452
27 99 634
27 100 881
28 29 94
28 30 516
28 31 279
28 32 937
28 33 370
28 34 951
28 35 328
28 36 3
28 37 775
28 38 733
28 39 731
28 40 459
28 41 665
28 42 359
28 43 64
28 44 535
28 45 218
28 46 430
28 47 212
28 48 269
28 49 829
28 50 338
28 51 578
28 52 567
28 53 486
28 54 344
28 55 683
28 56 49
28 57 100
28 58 784
28 59 460
28 60 125
28 61 858
28 62 442
28 63 1
28 64 959
28 65 203
28 66 689
28 67 132
28 68 650
28 69 159
28 70 933
28 71 275
28 72 655
28 73 251
28 74 372
28 75 904
28 76 166
28 77 397
28 78 306
28 79 700
28 80 235
28 81 656
28 82 704
28 83 2
28 84 477
28 85 133
28 86 227
28 87 680
28 88 10
28 89 696
28 90 818
28 91 989
28 92 423
28 93 133
28 94 71
28 95 384
28 96 731
28 97 103
28 98 314
28 99 881
28 100 138
29 30 774
29 31 754
29 32 134
29 33 993
29 34 143
29 35 531
29 36 9
29 37 651
29 38 441
29 39 723
29 40 629
29 41 152
29 42 412
29 43 687
29 44 860
29 45 87
29 46 101
29 47 753
29 48 590
29 49 385
29 50 964
29 51 315
29 52 140
29 53 277
29 54 85
29 55 554
29 56 601
29 57 608
29 58 779
29 59 691
29 60 848
29 61 659
29 62 302
29 63 518
29 64 510
29 65 748
29 66 296
29 67 55
29 68 898
29 69 955
29 70 495
29 71 113
29 72 500
29 73 594
29 74 529
29 75 978
29 76 987
29 77 934
29 78 132
29 79 861
29 80 569
29 81 366
29 82 683
29 83 763
29 84 955
29 85 771
29 86 17
29 87 68
29 88 263
29 89 40
29 90 61
29 91 790
29 92 507
29 93 629
29 94 502
29 95 416
29 96 702
29 97 83
29 98 537
29 99 617
29 100 278
30 31 310
30 32 512
30 33 204
30 34 809
30 35 537
30 36 391
30 37 635
30 38 835
30 39 682
30 40 67
30 41 699
30 42 730
30 43 847
30 44 58
30 45 87
30 46 435
30 47 454
30 48 609
30 49 310
30 50 742
30 51 741
30 52 120
30 53 708
30 54 702
30 55 164
30 56 954
30 57 524
30 58 783
30 59 721
30 60 167
30 61 127
30 62 782
30 63 269
30 64 887
30 65 772
30 66 30
30 67 808
30 68 272
30 69 64
30 70 713
30 71 577
30 72 78
30 73 456
30 74 361
30 75 500
30 76 567
30 77 368
30 78 256
30 79 103
30 80 574
30 81 723
30 82 229
30 83 509
30 84 45
30 85 863
30 86 245
30 87 472
30 88 383
30 89 151
30 90 932
30 91 858
30 92 553
30 93 914
30 94 741
30 95 420
30 96 322
30 97 417
30 98 721
30 99 272
30 100 78
31 32 373
31 33 503
31 34 902
31 35 180
31 36 805
31 37 982
31 38 955
31 39 69
31 40 466
31 41 283
31 42 845
31 43 328
31 44 554
31 45 8
31 46 201
31 47 564
31 48 304
31 49 623
31 50 464
31 51 592
31 52 494
31 53 773
31 54 196
31 55 901
31 56 761
31 57 246
31 58 7
31 59 411
31 60 233
31 61 347
31 62 840
31 63 878
31 64 951
31 65 2
31 66 658
31 67 850
31 68 728
31 69 104
31 70 530
31 71 239
31 72 493
31 73 60
31 74 997
31 75 712
31 76 94
31 77 922
31 78 898
31 79 520
31 80 701
31 81 373
31 82 975
31 83 85
31 84 96
31 85 134
31 86 820
31 87 75
31 88 568
31 89 435
31 90 965
31 91 237
31 92 261
31 93 316
31 94 801
31 95 701
31 96 736
31 97 319
31 98 272
31 99 75
31 100 203
32 33 780
32 34 585
32 35 156
32 36 165
32 37 467
32 38 407
32 39 536
32 40 965
32 41 208
32 42 309
32 43 266
32 44 120
32 45 158
32 46 687
32 47 827
32 48 697
32 49 41
32 50 836
32 51 328
32 52 92
32 53 249
32 54 356
32 55 514
32 56 678
32 57 261
32 58 991
32 59 32
32 60 405
32 61 453
32 62 749
32 63 250
32 64 463
32 65 804
32 66 140
32 67 12
32 68 831
32 69 983
32 70 131
32 71 824
32 72 373
32 73 631
32 74 645
32 75 583
32 76 259
32 77 813
32 78 22
32 79 65
32 80 903
32 81 444
32 82 129
32 83 906
32 84 830
32 85 332
32 86 43
32 87 461
32 88 168
32 89 574
32 90 822
32 91 395
32 92 30
32 93 684
32 94 173
32 95 215
32 96 188
32 97 280
32 98 884
32 99 35
32 100 620
33 34 246
33 35 296
33 36 412
33 37 551
33 38 61
33 39 280
33 40 138
33 41 200
33 42 885
33 43 526
33 44 631
33 45 803
33 46 795
33 47 990
33 48 782
33 49 360
33 50 545
33 51 485
33 52 913
33 53 503
33 54 389
33 55 180
33 56 319
33 57 220
33 58 896
33 59 779
33 60 59
33 61 992
33 62 530
33 63 767
33 64 1000
33 65 974
33 66 101
33 67 657
33 68 267
33 69 817
33 70 918
33 71 56
33 72 997
33 73 220
33 74 847
33 75 798
33 76 355
33 77 840
33 78 846
33 79 177
33 80 593
33 81 807
33 82 698
33 83 914
33 84 29
33 85 701
33 86 948
33 87 564
33 88 564
33 89 189
33 90 989
33 91 882
33 92 493
33 93 310
33 94 491
33 95 91
33 96 233
33 97 219
33 98 527
33 99 1
33 100 918
34 35 202
34 36 131
34 37 717
34 38 919
34 39 845
34 40 324
34 41 22
34 42 587
34 43 918
34 44 775
34 45 847
34 46 861
34 47 961
34 48 374
34 49 942
34 50 396
34 51 102
34 52 302
34 53 137
34 54 158
34 55 949
34 56 792
34 57 961
34 58 650
34 59 175
34 60 969
34 61 694
34 62 929
34 63 787
34 64 224
34 65 589
34 66 176
34 67 307
34 68 689
34 69 128
34 70 729
34 71 949
34 72 949
34 73 392
34 74 995
34 75 966
34 76 33
34 77 603
34 78 922
34 79 968
34 80 221
34 81 566
34 82 937
34 83 141
34 84 746
34 85 238
34 86 983
34 87 168
34 88 886
34 89 89
34 90 709
34 91 640
34 92 887
34 93 447
34 94 266
34 95 250
34 96 68
34 97 257
34 98 109
34 99 2
34 100 386
35 36 733
35 37 970
35 38 885
35 39 494
35 40 379
35 41 547
35 42 102
35 43 480
35 44 865
35 45 651
35 46 688
35 47 163
35 48 74
35 49 846
35 50 295
35 51 319
35 52 952
35 53 75
35 54 171
35 55 376
35 56 732
35 57 548
35 58 899
35 59 94
35 60 595
35 61 614
35 62 483
35 63 31
35 64 943
35 65 165
35 66 890
35 67 158
35 68 102
35 69 206
35 70 190
35 71 698
35 72 723
35 73 730
35 74 266
35 75 282
35 76 238
35 77 50
35 78 572
35 79 840
35 80 154
35 81 361
35 82 428
35 83 295
35 84 663
35 85 601
35 86 200
35 87 26
35 88 171
35 89 292
35 90 82
35 91 844
35 92 309
35 93 398
35 94 490
35 95 662
35 96 92
35 97 545
35 98 185
35 99 886
35 100 370
36 37 446
36 38 264
36 39 466
36 40 227
36 41 269
36 42 62
36 43 753
36 44 668
36 45 86
36 46 344
36 47 542
36 48 971
36 49 590
36 50 554
36 51 841
36 52 819
36 53 419
36 54 536
36 55 867
36 56 475
36 57 882
36 58 477
36 59 79
36 60 903
36 61 715
36 62 503
36 63 901
36 64 801
36 65 678
36 66 621
36 67 121
36 68 758
36 69 173
36 70 985
36 71 973
36 72 809
36 73 127
36 74 424
36 75 989
36 76 436
36 77 998
36 78 628
36 79 835
36 80 258
36 81 911
36 82 915
36 83 68
36 84 389
36 85 398
36 86 327
36 87 277
36 88 459
36 89 874
36 90 787
36 91 624
36 92 523
36 93 420
36 94 415
36 95 149
36 96 588
36 97 759
36 98 940
36 99 925
36 100 563
37 38 101
37 39 287
37 40 536
37 41 344
37 42 411
37 43 384
37 44 486
37 45 609
37 46 38
37 47 276
37 48 144
37 49 609
37 50 694
37 51 39
37 52 890
37 53 332
37 54 238
37 55 746
37 56 921
37 57 898
37 58 21
37 59 818
37 60 304
37 61 281
37 62 492
37 63 697
37 64 99
37 65 869
37 66 135
37 67 975
37 68 444
37 69 826
37 70 270
37 71 417
37 72 646
37 73 188
37 74 212
37 75 824
37 76 741
37 77 760
37 78 868
37 79 822
37 80 516
37 81 159
37 82 312
37 83 507
37 84 136
37 85 852
37 86 880
37 87 29
37 88 193
37 89 833
37 90 837
37 91 250
37 92 457
37 93 919
37 94 705
37 95 274
37 96 824
37 97 506
37 98 636
37 99 124
37 100 31
38 39 373
38 40 595
38 41 178
38 42 871
38 43 587
38 44 350
38 45 164
38 46 895
38 47 749
38 48 689
38 49 286
38 50 387
38 51 163
38 52 573
38 53 965
38 54 858
38 55 648
38 56 678
38 57 270
38 58 410
38 59 21
38 60 781
38 61 768
38 62 9
38 63 912
38 64 648
38 65 602
38 66 9
38 67 253
38 68 806
38 69 306
38 70 968
38 71 643
38 72 424
38 73 377
38 74 349
38 75 252
38 76 467
38 77 678
38 78 825
38 79 398
38 80 103
38 81 512
38 82 663
38 83 844
38 84 375
38 85 648
38 86 610
38 87 299
38 88 109
38 89 64
38 90 989
38 91 641
38 92 862
38 93 262
38 94 712
38 95 893
38 96 299
38 97 150
38 98 766
38 99 900
38 100 806
39 40 803
39 41 601
39 42 661
39 43 681
39 44 722
39 45 656
39 46 998
39 47 260
39 48 419
39 49 389
39 50 36
39 51 709
39 52 573
39 53 190
39 54 727
39 55 223
39 56 535
39 57 785
39 58 907
39 59 672
39 60 508
39 61 846
39 62 841
39 63 877
39 64 182
39 65 98
39 66 128
39 67 259
39 68 809
39 69 763
39 70 184
39 71 680
39 72 336
39 73 90
39 74 356
39 75 745
39 76 308
39 77 789
39 78 332
39 79 261
39 80 295
39 81 852
39 82 471
39 83 867
39 84 584
39 85 945
39 86 72
39 87 890
39 88 501
39 89 868
39 90 382
39 91 299
39 92 55
39 93 855
39 94 138
39 95 201
39 96 410
39 97 570
39 98 907
39 99 458
39 100 317
40 41 716
40 42 779
40 43 488
40 44 632
40 45 177
40 46 635
40 47 5
40 48 274
40 49 762
40 50 169
40 51 765
40 52 490
40 53 764
40 54 89
40 55 615
40 56 634
40 57 404
40 58 966
40 59 384
40 60 38
40 61 200
40 62 374
40 63 15
40 64 323
40 65 834
40 66 191
40 67 677
40 68 627
40 69 249
40 70 694
40 71 345
40 72 129
40 73 384
40 74 589
40 75 168
40 76 824
40 77 299
40 78 291
40 79 728
40 80 597
40 81 338
40 82 888
40 83 996
40 84 343
40 85 902
40 86 360
40 87 189
40 88 949
40 89 919
40 90 404
40 91 229
40 92 728
40 93 132
40 94 735
40 95 590
40 96 169
40 97 367
40 98 651
40 99 38
40 100 877
41 42 256
41 43 535
41 44 49
41 45 995
41 46 662
41 47 654
41 48 20
41 49 690
41 50 417
41 51 381
41 52 548
41 53 475
41 54 154
41 55 696
41 56 631
41 57 302
41 58 662
41 59 663
41 60 270
41 61 606
41 62 138
41 63 831
41 64 105
41 65 719
41 66 118
41 67 115
41 68 107
41 69 199
41 70 200
41 71 263
41 72 524
41 73 202
41 74 704
41 75 296
41 76 40
41 77 497
41 78 208
41 79 934
41 80 331
41 81 3
41 82 672
41 83 907
41 84 836
41 85 670
41 86 150
41 87 91
41 88 512
41 89 724
41 90 102
41 91 256
41 92 232
41 93 989
41 94 297
41 95 465
41 96 100
41 97 175
41 98 40
41 99 291
41 100 802
42 43 313
42 44 739
42 45 95
42 46 759
42 47 46
42 48 852
42 49 664
42 50 171
42 51 358
42 52 438
42 53 622
42 54 879
42 55 93
42 56 815
42 57 183
42 58 401
42 59 963
42 60 272
42 61 386
42 62 851
42 63 800
42 64 649
42 65 797
42 66 114
42 67 697
42 68 59
42 69 943
42 70 160
42 71 417
42 72 591
42 73 803
42 74 679
42 75 182
42 76 380
42 77 359
42 78 29
42 79 685
42 80 839
42 81 974
42 82 131
42 83 921
42 84 113
42 85 412
42 86 46
42 87 262
42 88 315
42 89 705
42 90 678
42 91 768
42 92 577
42 93 566
42 94 978
42 95 670
42 96 339
42 97 524
42 98 701
42 99 96
42 100 662
43 44 249
43 45 346
43 46 677
43 47 385
43 48 840
43 49 559
43 50 988
43 51 55
43 52 644
43 53 157
43 54 849
43 55 852
43 56 870
43 57 75
43 58 492
43 59 241
43 60 971
43 61 51
43 62 223
43 63 644
43 64 404
43 65 235
43 66 460
43 67 802
43 68 449
43 69 857
43 70 448
43 71 119
43 72 498
43 73 654
43 74 103
43 75 413
43 76 558
43 77 1
43 78 91
43 79 605
43 80 620
43 81 305
43 82 509
43 83 207
43 84 672
43 85 951
43 86 364
43 87 55
43 88 223
43 89 455
43 90 561
43 91 620
43 92 474
43 93 658
43 94 716
43 95 115
43 96 760
43 97 222
43 98 342
43 99 830
43 100 965
44 45 292
44 46 522
44 47 703
44 48 46
44 49 165
44 50 141
44 51 717
44 52 722
44 53 107
44 54 611
44 55 188
44 56 931
44 57 393
44 58 458
44 59 782
44 60 717
44 61 108
44 62 415
44 63 927
44 64 838
44 65 589
44 66 773
44 67 451
44 68 659
44 69 957
44 70 135
44 71 499
44 72 531
44 73 49
44 74 936
44 75 839
44 76 483
44 77 509
44 78 922
44 79 178
44 80 579
44 81 731
44 82 129
44 83 388
44 84 601
44 85 883
44 86 505
44 87 385
44 88 980
44 89 916
44 90 763
44 91 274
44 92 964
44 93 971
44 94 453
44 95 134
44 96 413
44 97 701
44 98 749
44 99 299
44 100 702
45 46 861
45 47 712
45 48 936
45 49 633
45 50 201
45 51 625
45 52 291
45 53 346
45 54 673
45 55 982
45 56 651
45 57 959
45 58 504
45 59 695
45 60 323
45 61 116
45 62 353
45 63 481
45 64 571
45 65 668
45 66 418
45 67 748
45 68 842
45 69 286
45 70 848
45 71 809
45 72 523
45 73 26
45 74 146
45 75 671
45 76 200
45 77 751
45 78 161
45 79 287
45 80 251
45 81 840
45 82 691
45 83 296
45 84 754
45 85 33
45 86 815
45 87 103
45 88 869
45 89 740
45 90 865
45 91 743
45 92 562
45 93 238
45 94 785
45 95 799
45 96 288
45 97 665
45 98 927
45 99 388
45 100 957
46 47 976
46 48 313
46 49 553
46 50 13
46 51 252
46 52 621
46 53 781
46 54 871
46 55 830
46 56 912
46 57 705
46 58 648
46 59 756
46 60 547
46 61 604
46 62 777
46 63 965
46 64 295
46 65 178
46 66 683
46 67 187
46 68 174
46 69 514
46 70 378
46 71 429
46 72 557
46 73 131
46 74 584
46 75 256
46 76 331
46 77 710
46 78 155
46 79 154
46 80 323
46 81 51
46 82 933
46 83 616
46 84 662
46 85 491
46 86 573
46 87 359
46 88 785
46 89 318
46 90 220
46 91 184
46 92 69
46 93 506
46 94 416
46 95 538
46 96 92
46 97 222
46 98 214
46 99 332
46 100 361
47 48 219
47 49 753
47 50 531
47 51 997
47 52 824
47 53 982
47 54 9
47 55 669
47 56 446
47 57 905
47 58 614
47 59 622
47 60 959
47 61 683
47 62 321
47 63 916
47 64 945
47 65 386
47 66 541
47 67 283
47 68 912
47 69 823
47 70 375
47 71 803
47 72 446
47 73 44
47 74 899
47 75 193
47 76 514
47 77 949
47 78 168
47 79 957
47 80 538
47 81 8
47 82 66
47 83 671
47 84 774
47 85 865
47 86 425
47 87 104
47 88 538
47 89 703
47 90 977
47 91 776
47 92 647
47 93 940
47 94 747
47 95 154
47 96 460
47 97 332
47 98 88
47 99 55
47 100 795
48 49 559
48 50 575
48 51 228
48 52 259
48 53 389
48 54 631
48 55 434
48 56 17
48 57 674
48 58 535
48 59 642
48 60 619
48 61 756
48 62 586
48 63 701
48 64 73
48 65 929
48 66 107
48 67 787
48 68 302
48 69 87
48 70 766
48 71 438
48 72 396
48 73 661
48 74 474
48 75 534
48 76 137
48 77 391
48 78 798
48 79 546
48 80 961
48 81 145
48 82 678
48 83 915
48 84 796
48 85 730
48 86 374
48 87 950
48 88 554
48 89 556
48 90 124
48 91 6
48 92 597
48 93 538
48 94 947
48 95 305
48 96 749
48 97 904
48 98 344
48 99 413
48 100 646
49 50 513
49 51 161
49 52 221
49 53 835
49 54 195
49 55 182
49 56 800
49 57 853
49 58 852
49 59 933
49 60 995
49 61 462
49 62 550
49 63 291
49 64 68
49 65 99
49 66 726
49 67 488
49 68 331
49 69 129
49 70 656
49 71 101
49 72 620
49 73 901
49 74 318
49 75 451
49 76 617
49 77 306
49 78 585
49 79 566
49 80 365
49 81 317
49 82 429
49 83 5
49 84 247
49 85 222
49 86 740
49 87 437
49 88 841
49 89 135
49 90 733
49 91 878
49 92 463
49 93 359
49 94 306
49 95 552
49 96 176
49 97 607
49 98 842
49 99 859
49 100 141
50 51 539
50 52 264
50 53 887
50 54 77
50 55 76
50 56 19
50 57 508
50 58 32
50 59 582
50 60 406
50 61 591
50 62 907
50 63 552
50 64 544
50 65 999
50 66 473
50 67 776
50 68 366
50 69 224
50 70 773
50 71 734
50 72 291
50 73 465
50 74 511
50 75 397
50 76 503
50 77 663
50 78 848
50 79 807
50 80 615
50 81 166
50 82 515
50 83 447
50 84 180
50 85 949
50 86 660
50 87 968
50 88 736
50 89 484
50 90 359
50 91 219
50 92 488
50 93 63
50 94 370
50 95 43
50 96 207
50 97 908
50 98 362
50 99 470
50 100 455
51 52 47
51 53 981
51 54 325
51 55 704
51 56 522
51 57 830
51 58 835
51 59 264
51 60 545
51 61 174
51 62 654
51 63 366
51 64 654
51 65 836
51 66 517
51 67 377
51 68 908
51 69 517
51 70 353
51 71 868
51 72 487
51 73 483
51 74 605
51 75 502
51 76 139
51 77 166
51 78 78
51 79 644
51 80 212
51 81 187
51 82 363
51 83 718
51 84 119
51 85 231
51 86 812
51 87 721
51 88 482
51 89 479
51 90 211
51 91 162
51 92 834
51 93 23
51 94 44
51 95 574
51 96 162
51 97 630
51 98 40
51 99 573
51 100 56
52 53 259
52 54 181
52 55 959
52 56 600
52 57 564
52 58 19
52 59 720
52 60 662
52 61 284
52 62 86
52 63 450
52 64 993
52 65 868
52 66 171
52 67 831
52 68 601
52 69 795
52 70 821
52 71 182
52 72 660
52 73 265
52 74 725
52 75 343
52 76 454
52 77 591
52 78 230
52 79 386
52 80 109
52 81 203
52 82 860
52 83 505
52 84 420
52 85 150
52 86 97
52 87 476
52 88 615
52 89 40
52 90 784
52 91 504
52 92 118
52 93 483
52 94 131
52 95 604
52 96 828
52 97 897
52 98 775
52 99 650
52 100 523
53 54 371
53 55 44
53 56 530
53 57 230
53 58 803
53 59 790
53 60 382
53 61 590
53 62 742
53 63 762
53 64 697
53 65 98
53 66 134
53 67 478
53 68 233
53 69 860
53 70 284
53 71 877
53 72 409
53 73 190
53 74 710
53 75 790
53 76 578
53 77 118
53 78 8
53 79 655
53 80 688
53 81 316
53 82 363
53 83 155
53 84 652
53 85 254
53 86 855
53 87 424
53 88 366
53 89 276
53 90 681
53 91 755
53 92 414
53 93 784
53 94 483
53 95 371
53 96 555
53 97 254
53 98 307
53 99 345
53 100 706
54 55 736
54 56 855
54 57 660
54 58 748
54 59 447
54 60 700
54 61 162
54 62 215
54 63 401
54 64 339
54 65 551
54 66 698
54 67 707
54 68 161
54 69 965
54 70 6
54 71 92
54 72 146
54 73 926
54 74 436
54 75 65
54 76 222
54 77 81
54 78 38
54 79 385
54 80 985
54 81 614
54 82 522
54 83 712
54 84 598
54 85 946
54 86 821
54 87 641
54 88 439
54 89 202
54 90 657
54 91 804
54 92 287
54 93 34
54 94 600
54 95 516
54 96 232
54 97 170
54 98 37
54 99 240
54 100 1
55 56 158
55 57 997
55 58 780
55 59 354
55 60 396
55 61 587
55 62 518
55 63 737
55 64 69
55 65 91
55 66 285
55 67 830
55 68 916
55 69 349
55 70 964
55 71 277
55 72 607
55 73 195
55 74 930
55 75 575
55 76 262
55 77 408
55 78 107
55 79 73
55 80 295
55 81 948
55 82 803
55 83 957
55 84 877
55 85 814
55 86 575
55 87 695
55 88 967
55 89 564
55 90 770
55 91 758
55 92 962
55 93 459
55 94 461
55 95 587
55 96 28
55 97 117
55 98 68
55 99 634
55 100 995
56 57 677
56 58 230
56 59 316
56 60 956
56 61 517
56 62 10
56 63 833
56 64 249
56 65 94
56 66 674
56 67 822
56 68 77
56 69 932
56 70 477
56 71 354
56 72 895
56 73 270
56 74 948
56 75 684
56 76 910
56 77 499
56 78 200
56 79 736
56 80 873
56 81 207
56 82 203
56 83 250
56 84 619
56 85 156
56 86 107
56 87 921
56 88 676
56 89 664
56 90 614
56 91 765
56 92 542
56 93 43
56 94 483
56 95 621
56 96 493
56 97 986
56 98 897
56 99 869
56 100 491
57 58 985
57 59 917
57 60 281
57 61 223
57 62 577
57 63 55
57 64 800
57 65 479
57 66 541
57 67 503
57 68 394
57 69 687
57 70 175
57 71 977
57 72 699
57 73 461
57 74 690
57 75 12
57 76 211
57 77 582
57 78 326
57 79 613
57 80 260
57 81 549
57 82 238
57 83 472
57 84 614
57 85 366
57 86 499
57 87 211
57 88 701
57 89 373
57 90 855
57 91 280
57 92 180
57 93 132
57 94 576
57 95 229
57 96 100
57 97 270
57 98 236
57 99 433
57 100 381
58 59 146
58 60 960
58 61 150
58 62 806
58 63 177
58 64 500
58 65 996
58 66 850
58 67 518
58 68 721
58 69 786
58 70 301
58 71 563
58 72 568
58 73 399
58 74 691
58 75 61
58 76 814
58 77 477
58 78 630
58 79 450
58 80 335
58 81 361
58 82 561
58 83 932
58 84 258
58 85 20
58 86 122
58 87 868
58 88 964
58 89 199
58 90 576
58 91 650
58 92 175
58 93 781
58 94 356
58 95 674
58 96 488
58 97 737
58 98 890
58 99 382
58 100 287
59 60 632
59 61 145
59 62 168
59 63 808
59 64 338
59 65 632
59 66 572
59 67 849
59 68 72
59 69 162
59 70 229
59 71 317
59 72 292
59 73 268
59 74 645
59 75 272
59 76 445
59 77 863
59 78 364
59 79 587
59 80 966
59 81 414
59 82 184
59 83 24
59 84 728
59 85 663
59 86 941
59 87 701
59 88 81
59 89 167
59 90 104
59 91 64
59 92 879
59 93 549
59 94 27
59 95 398
59 96 765
59 97 84
59 98 263
59 99 156
59 100 655
60 61 886
60 62 310
60 63 248
60 64 285
60 65 627
60 66 132
60 67 839
60 68 29
60 69 664
60 70 861
60 71 326
60 72 477
60 73 975
60 74 541
60 75 273
60 76 445
60 77 970
60 78 698
60 79 178
60 80 598
60 81 632
60 82 636
60 83 564
60 84 524
60 85 640
60 86 310
60 87 348
60 88 540
60 89 805
60 90 442
60 91 366
60 92 260
60 93 304
60 94 1
60 95 816
60 96 848
60 97 344
60 98 470
60 99 9
60 100 923
61 62 947
61 63 478
61 64 10
61 65 431
61 66 293
61 67 232
61 68 8
61 69 374
61 70 412
61 71 561
61 72 395
61 73 164
61 74 738
61 75 390
61 76 379
61 77 263
61 78 423
61 79 240
61 80 765
61 81 910
61 82 808
61 83 685
61 84 285
61 85 743
61 86 809
61 87 413
61 88 854
61 89 183
61 90 290
61 91 637
61 92 618
61 93 273
61 94 623
61 95 188
61 96 20
61 97 50
61 98 535
61 99 186
61 100 103
62 63 270
62 64 716
62 65 728
62 66 233
62 67 151
62 68 494
62 69 342
62 70 312
62 71 800
62 72 998
62 73 464
62 74 792
62 75 331
62 76 844
62 77 952
62 78 57
62 79 776
62 80 72
62 81 471
62 82 193
62 83 842
62 84 818
62 85 829
62 86 122
62 87 769
62 88 249
62 89 772
62 90 443
62 91 738
62 92 34
62 93 461
62 94 771
62 95 522
62 96 983
62 97 473
62 98 682
62 99 313
62 100 324
63 64 630
63 65 43
63 66 938
63 67 521
63 68 254
63 69 639
63 70 199
63 71 888
63 72 864
63 73 218
63 74 113
63 75 633
63 76 325
63 77 168
63 78 277
63 79 120
63 80 790
63 81 9
63 82 42
63 83 784
63 84 476
63 85 597
63 86 372
63 87 90
63 88 158
63 89 92
63 90 619
63 91 931
63 92 997
63 93 626
63 94 60
63 95 645
63 96 702
63 97 792
63 98 126
63 99 233
63 100 982
64 65 789
64 66 757
64 67 806
64 68 439
64 69 193
64 70 690
64 71 359
64 72 135
64 73 899
64 74 486
64 75 438
64 76 295
64 77 698
64 78 190
64 79 187
64 80 348
64 81 733
64 82 276
64 83 832
64 84 915
64 85 555
64 86 69
64 87 156
64 88 296
64 89 264
64 90 368
64 91 1
64 92 639
64 93 380
64 94 186
64 95 19
64 96 857
64 97 777
64 98 239
64 99 722
64 100 659
65 66 539
65 67 388
65 68 525
65 69 498
65 70 552
65 71 614
65 72 323
65 73 641
65 74 111
65 75 524
65 76 67
65 77 836
65 78 130
65 79 874
65 80 203
65 81 486
65 82 99
65 83 572
65 84 837
65 85 658
65 86 526
65 87 702
65 88 256
65 89 367
65 90 606
65 91 71
65 92 931
65 93 209
65 94 492
65 95 890
65 96 80
65 97 802
65 98 61
65 99 559
65 100 939
66 67 416
66 68 370
66 69 709
66 70 824
66 71 266
66 72 41
66 73 71
66 74 304
66 75 945
66 76 961
66 77 98
66 78 726
66 79 532
66 80 190
66 81 527
66 82 249
66 83 626
66 84 179
66 85 750
66 86 416
66 87 106
66 88 639
66 89 358
66 90 459
66 91 666
66 92 883
66 93 167
66 94 181
66 95 402
66 96 338
66 97 159
66 98 999
66 99 444
66 100 353
67 68 316
67 69 992
67 70 325
67 71 372
67 72 765
67 73 431
67 74 726
67 75 609
67 76 564
67 77 214
67 78 766
67 79 927
67 80 255
67 81 962
67 82 448
67 83 398
67 84 727
67 85 983
67 86 596
67 87 518
67 88 994
67 89 302
67 90 301
67 91 222
67 92 856
67 93 22
67 94 822
67 95 690
67 96 276
67 97 554
67 98 557
67 99 926
67 100 155
68 69 38
68 70 356
68 71 139
68 72 368
68 73 583
68 74 233
68 75 812
68 76 92
68 77 400
68 78 918
68 79 735
68 80 724
68 81 793
68 82 173
68 83 826
68 84 690
68 85 577
68 86 908
68 87 596
68 88 301
68 89 731
68 90 577
68 91 79
68 92 56
68 93 771
68 94 348
68 95 818
68 96 417
68 97 868
68 98 870
68 99 227
68 100 653
69 70 603
69 71 12
69 72 778
69 73 383
69 74 305
69 75 42
69 76 540
69 77 150
69 78 503
69 79 221
69 80 51
69 81 732
69 82 393
69 83 446
69 84 596
69 85 505
69 86 223
69 87 290
69 88 395
69 89 133
69 90 83
69 91 572
69 92 50
69 93 400
69 94 86
69 95 502
69 96 774
69 97 131
69 98 135
69 99 560
69 100 488
70 71 653
70 72 197
70 73 616
70 74 736
70 75 247
70 76 72
70 77 777
70 78 324
70 79 925
70 80 90
70 81 672
70 82 424
70 83 349
70 84 321
70 85 594
70 86 25
70 87 305
70 88 988
70 89 617
70 90 991
70 91 443
70 92 146
70 93 45
70 94 819
70 95 200
70 96 374
70 97 758
70 98 853
70 99 113
70 100 55
71 72 949
71 73 927
71 74 869
71 75 821
71 76 14
71 77 694
71 78 112
71 79 451
71 80 23
71 81 210
71 82 539
71 83 204
71 84 524
71 85 259
71 86 484
71 87 730
71 88 142
71 89 699
71 90 19
71 91 584
71 92 664
71 93 44
71 94 171
71 95 285
71 96 790
71 97 618
71 98 54
71 99 655
71 100 9
72 73 389
72 74 272
72 75 853
72 76 661
72 77 865
72 78 20
72 79 868
72 80 650
72 81 232
72 82 381
72 83 977
72 84 100
72 85 316
72 86 867
72 87 532
72 88 187
72 89 501
72 90 458
72 91 927
72 92 22
72 93 248
72 94 530
72 95 334
72 96 394
72 97 158
72 98 347
72 99 352
72 100 626
73 74 237
73 75 979
73 76 502
73 77 812
73 78 626
73 79 879
73 80 891
73 81 815
73 82 30
73 83 555
73 84 281
73 85 152
73 86 898
73 87 657
73 88 88
73 89 383
73 90 961
73 91 613
73 92 626
73 93 228
73 94 241
73 95 153
73 96 971
73 97 910
73 98 330
73 99 543
73 100 207
74 75 139
74 76 542
74 77 801
74 78 863
74 79 309
74 80 706
74 81 524
74 82 136
74 83 996
74 84 976
74 85 146
74 86 934
74 87 918
74 88 318
74 89 558
74 90 949
74 91 119
74 92 318
74 93 880
74 94 728
74 95 766
74 96 881
74 97 415
74 98 412
74 99 444
74 100 934
75 76 895
75 77 934
75 78 274
75 79 780
75 80 107
75 81 185
75 82 763
75 83 612
75 84 267
75 85 568
75 86 231
75 87 233
75 88 688
75 89 360
75 90 689
75 91 477
75 92 503
75 93 605
75 94 713
75 95 374
75 96 853
75 97 492
75 98 138
75 99 194
75 100 33
76 77 765
76 78 16
76 79 270
76 80 414
76 81 743
76 82 989
76 83 758
76 84 67
76 85 928
76 86 986
76 87 868
76 88 490
76 89 325
76 90 458
76 91 247
76 92 405
76 93 42
76 94 736
76 95 381
76 96 313
76 97 612
76 98 743
76 99 594
76 100 526
77 78 876
77 79 787
77 80 521
77 81 452
77 82 828
77 83 43
77 84 996
77 85 519
77 86 396
77 87 736
77 88 558
77 89 517
77 90 631
77 91 50
77 92 292
77 93 399
77 94 305
77 95 828
77 96 462
77 97 423
77 98 614
77 99 55
77 100 517
78 79 143
78 80 830
78 81 452
78 82 723
78 83 114
78 84 779
78 85 938
78 86 697
78 87 136
78 88 414
78 89 451
78 90 179
78 91 591
78 92 713
78 93 202
78 94 455
78 95 251
78 96 692
78 97 908
78 98 797
78 99 719
78 100 124
79 97 713
79 98 420
79 99 310
79 100 769
79 80 115
79 81 450
79 82 363
79 83 524
79 84 385
79 85 792
79 86 512
79 87 950
79 88 379
79 89 381
79 90 769
79 91 913
79 92 566
79 93 660
79 94 151
79 95 869
79 96 179
80 97 80
80 98 601
80 99 245
80 100 548
80 81 447
80 82 627
80 83 118
80 84 132
80 85 203
80 86 623
80 87 254
80 88 459
80 89 856
80 90 544
80 91 6
80 92 883
80 93 238
80 94 589
80 95 476
80 96 411
81 97 673
81 98 612
81 99 692
81 100 595
81 82 620
81 83 558
81 84 826
81 85 49
81 86 149
81 87 654
81 88 37
81 89 854
81 90 667
81 91 839
81 92 299
81 93 921
81 94 50
81 95 417
81 96 179
82 97 695
82 98 275
82 99 528
82 100 525
82 83 788
82 84 178
82 85 456
82 86 579
82 87 932
82 88 94
82 89 300
82 90 369
82 91 379
82 92 68
82 93 428
82 94 551
82 95 293
82 96 135
83 97 526
83 98 996
83 99 354
83 100 130
83 84 696
83 85 613
83 86 110
83 87 730
83 88 629
83 89 988
83 90 484
83 91 689
83 92 934
83 93 987
83 94 288
83 95 609
83 96 317
84 97 849
84 98 800
84 99 999
84 100 415
84 85 563
84 86 520
84 87 632
84 88 493
84 89 180
84 90 610
84 91 709
84 92 980
84 93 2
84 94 24
84 95 626
84 96 118
85 97 686
85 98 342
85 99 725
85 100 616
85 86 334
85 87 561
85 88 638
85 89 12
85 90 202
85 91 282
85 92 791
85 93 308
85 94 507
85 95 324
85 96 7
86 97 893
86 98 537
86 99 336
86 100 784
86 87 30
86 88 176
86 89 331
86 90 338
86 91 673
86 92 917
86 93 798
86 94 646
86 95 482
86 96 628
87 97 800
87 98 889
87 99 354
87 100 970
87 88 414
87 89 743
87 90 836
87 91 300
87 92 725
87 93 316
87 94 536
87 95 209
87 96 686
88 97 865
88 98 752
88 99 706
88 100 315
88 89 281
88 90 32
88 91 984
88 92 627
88 93 843
88 94 571
88 95 390
88 96 596
89 97 303
89 98 113
89 99 785
89 100 778
89 90 32
89 91 414
89 92 498
89 93 238
89 94 452
89 95 951
89 96 217
90 97 924
90 98 733
90 99 524
90 100 776
90 91 914
90 92 444
90 93 25
90 94 483
90 95 501
90 96 191
91 97 133
91 98 725
91 99 460
91 100 714
91 92 144
91 93 872
91 94 823
91 95 939
91 96 677
92 97 595
92 98 88
92 99 467
92 100 47
92 93 523
92 94 5
92 95 933
92 96 688
93 97 578
93 98 313
93 99 893
93 100 321
93 94 521
93 95 659
93 96 313
94 97 320
94 98 442
94 99 118
94 100 150
94 95 193
94 96 277
95 97 16
95 98 623
95 99 515
95 100 207
95 96 274
96 97 351
96 98 319
96 99 142
96 100 705
97 98 284
97 99 245
97 100 72
98 99 614
98 100 339
99 100 444
