100 2463
1 2 277
1 5 631
1 7 618
1 8 50
1 9 115
1 10 39
1 11 685
1 12 861
1 19 258
1 20 679
1 21 858
1 25 350
1 26 78
1 27 444
1 30 326
1 34 642
1 35 876
1 38 789
1 44 622
1 46 45
1 47 931
1 48 912
1 49 26
1 51 809
1 52 511
1 53 781
1 54 509
1 58 831
1 61 382
1 63 79
1 64 78
1 68 575
1 69 549
1 70 419
1 75 473
1 76 525
1 77 442
1 78 270
1 79 837
1 83 768
1 87 116
1 88 242
1 89 733
1 90 881
1 91 362
1 93 506
1 99 570
1 100 827
2 5 28
2 7 960
2 8 540
2 9 799
2 10 7
2 14 942
2 16 733
2 17 521
2 18 832
2 19 295
2 20 110
2 22 845
2 24 433
2 26 865
2 27 994
2 29 117
2 30 354
2 34 328
2 36 277
2 39 778
2 46 318
2 47 842
2 48 662
2 51 635
2 54 377
2 55 944
2 58 152
2 59 814
2 61 283
2 62 199
2 63 876
2 64 951
2 65 858
2 66 750
2 68 68
2 69 558
2 70 209
2 73 264
2 75 584
2 76 638
2 77 485
2 80 301
2 81 232
2 84 797
2 87 481
2 89 113
2 90 881
2 92 288
2 93 970
2 94 326
2 95 663
2 97 465
2 98 319
2 99 114
3 4 561
3 6 908
3 7 534
3 10 498
3 11 394
3 12 373
3 13 547
3 14 109
3 16 976
3 19 370
3 23 810
3 25 96
3 26 170
3 29 250
3 30 142
3 32 474
3 33 724
3 34 567
3 38 312
3 41 322
3 45 691
3 46 756
3 49 314
3 51 322
3 52 709
3 54 859
3 56 82
3 58 700
3 60 757
3 62 749
3 64 438
3 65 972
3 66 40
3 67 425
3 78 677
3 82 651
3 83 142
3 84 524
3 85 205
3 86 614
3 89 252
3 93 721
3 94 853
3 96 525
3 97 830
3 99 417
3 100 151
4 5 95
4 6 369
4 7 254
4 9 607
4 10 34
4 12 479
4 13 44
4 15 254
4 17 972
4 20 928
4 22 633
4 24 474
4 26 751
4 29 29
4 34 132
4 36 846
4 37 57
4 38 638
4 39 63
4 41 545
4 42 984
4 44 615
4 45 17
4 47 849
4 51 587
4 52 945
4 53 517
4 55 404
4 57 670
4 58 65
4 59 826
4 60 502
4 62 84
4 64 276
4 65 199
4 67 173
4 68 747
4 69 838
4 71 274
4 77 464
4 80 730
4 81 186
4 87 375
4 90 247
4 91 838
4 94 192
4 97 54
4 98 706
4 99 179
4 100 141
5 6 883
5 9 237
5 10 204
5 11 91
5 12 245
5 13 685
5 14 846
5 17 345
5 18 471
5 19 687
5 22 669
5 23 832
5 24 707
5 25 764
5 28 764
5 29 134
5 31 899
5 32 820
5 33 731
5 36 72
5 37 489
5 40 222
5 45 824
5 46 611
5 47 752
5 48 915
5 52 212
5 54 340
5 57 285
5 58 387
5 60 35
5 64 683
5 65 835
5 66 465
5 67 83
5 68 687
5 71 804
5 73 320
5 74 575
5 76 455
5 79 402
5 84 604
5 85 803
5 86 451
5 87 373
5 88 474
5 89 336
5 92 786
5 93 981
5 94 532
5 95 384
5 96 675
5 97 151
6 13 347
6 14 445
6 16 743
6 19 673
6 20 256
6 22 853
6 23 968
6 24 632
6 30 292
6 32 675
6 34 625
6 35 167
6 37 432
6 38 996
6 43 235
6 44 922
6 45 132
6 47 850
6 51 571
6 52 179
6 54 778
6 55 735
6 58 752
6 62 364
6 63 106
6 64 885
6 65 961
6 68 536
6 69 393
6 70 860
6 71 495
6 74 450
6 75 924
6 77 289
6 79 335
6 80 465
6 81 173
6 82 908
6 83 384
6 89 139
6 90 620
6 91 999
6 92 600
6 93 733
6 94 946
6 96 250
6 98 472
6 99 91
6 100 371
7 10 147
7 13 637
7 16 303
7 17 585
7 20 746
7 21 997
7 25 345
7 27 853
7 28 315
7 30 866
7 31 486
7 34 176
7 35 898
7 37 947
7 38 343
7 39 310
7 40 225
7 41 279
7 43 790
7 46 460
7 49 840
7 51 784
7 53 229
7 54 203
7 57 99
7 58 330
7 63 873
7 69 740
7 71 651
7 73 690
7 74 457
7 75 41
7 76 610
7 78 92
7 79 191
7 80 831
7 81 64
7 83 523
7 85 228
7 89 537
7 91 319
7 93 197
7 94 117
7 95 84
7 97 543
7 99 488
7 100 570
8 11 107
8 13 326
8 17 972
8 18 46
8 20 688
8 22 488
8 23 281
8 24 607
8 25 376
8 26 102
8 28 277
8 29 370
8 33 750
8 36 414
8 38 151
8 39 299
8 40 200
8 46 532
8 47 292
8 48 22
8 49 773
8 50 69
8 51 786
8 52 712
8 54 854
8 55 906
8 56 446
8 58 185
8 60 461
8 61 334
8 64 256
8 65 748
8 66 24
8 67 120
8 68 411
8 70 487
8 71 49
8 74 513
8 76 438
8 77 33
8 80 791
8 81 493
8 84 735
8 85 566
8 86 975
8 87 781
8 88 532
8 90 847
8 92 923
8 95 752
8 97 431
8 99 452
9 13 275
9 15 324
9 16 141
9 17 249
9 18 565
9 19 128
9 20 156
9 22 763
9 23 62
9 25 867
9 26 661
9 30 173
9 31 937
9 34 811
9 35 182
9 38 163
9 40 307
9 42 909
9 46 332
9 48 35
9 49 873
9 52 378
9 53 599
9 54 526
9 55 159
9 57 898
9 59 989
9 60 113
9 62 984
9 65 135
9 68 312
9 70 903
9 71 129
9 73 366
9 75 717
9 79 197
9 80 220
9 83 226
9 84 83
9 85 95
9 90 185
9 94 669
9 97 884
10 14 1
10 17 312
10 23 144
10 25 765
10 28 243
10 29 787
10 31 391
10 41 152
10 43 673
10 45 11
10 50 472
10 52 299
10 54 743
10 55 455
10 56 71
10 57 979
10 59 342
10 61 988
10 64 113
10 65 467
10 66 585
10 70 759
10 74 604
10 76 363
10 79 837
10 80 964
10 81 422
10 82 639
10 83 866
10 85 725
10 90 837
10 91 984
10 98 666
10 100 781
11 16 264
11 20 922
11 21 104
11 24 888
11 28 1000
11 31 548
11 32 668
11 35 834
11 36 984
11 42 244
11 45 838
11 46 415
11 48 569
11 49 413
11 50 848
11 54 980
11 55 747
11 57 982
11 58 804
11 59 264
11 60 371
11 63 321
11 64 358
11 65 959
11 66 135
11 69 247
11 72 982
11 75 476
11 76 314
11 77 808
11 80 718
11 81 645
11 82 555
11 87 619
11 89 437
11 90 954
11 91 172
11 99 66
11 100 719
12 15 39
12 16 538
12 17 959
12 19 808
12 21 292
12 24 519
12 25 901
12 31 929
12 33 389
12 34 448
12 35 117
12 38 366
12 42 405
12 45 922
12 47 910
12 48 708
12 49 840
12 52 664
12 55 576
12 57 395
12 59 201
12 61 448
12 63 945
12 64 427
12 65 436
12 67 24
12 70 610
12 72 993
12 74 771
12 75 699
12 80 588
12 81 901
12 83 641
12 84 740
12 85 535
12 87 303
12 90 53
12 92 874
12 93 739
12 95 179
12 98 911
12 99 99
12 100 950
13 14 569
13 15 949
13 16 342
13 17 951
13 24 292
13 26 184
13 27 195
13 28 659
13 30 872
13 34 557
13 35 144
13 37 57
13 38 685
13 40 535
13 41 619
13 43 933
13 45 144
13 48 382
13 49 563
13 51 769
13 52 120
13 53 225
13 55 564
13 57 649
13 64 749
13 65 683
13 67 346
13 69 455
13 71 154
13 72 537
13 73 361
13 75 638
13 79 882
13 81 21
13 82 806
13 85 711
13 86 542
13 89 841
13 91 942
13 97 364
13 98 327
13 100 724
14 15 381
14 16 380
14 20 818
14 21 931
14 25 971
14 28 886
14 31 69
14 32 135
14 34 394
14 36 993
14 37 791
14 39 962
14 41 712
14 42 949
14 43 84
14 44 603
14 46 16
14 47 892
14 50 852
14 51 193
14 54 916
14 55 490
14 56 906
14 57 53
14 58 239
14 59 307
14 64 760
14 65 459
14 66 81
14 68 131
14 73 381
14 74 905
14 80 804
14 82 785
14 83 408
14 84 343
14 88 489
14 91 919
14 93 667
14 96 114
14 99 108
14 100 75
15 19 481
15 20 500
15 21 764
15 22 314
15 25 588
15 27 353
15 29 462
15 30 924
15 31 847
15 33 464
15 36 143
15 37 751
15 41 317
15 42 990
15 45 14
15 46 792
15 48 173
15 49 593
15 51 95
15 53 150
15 54 338
15 55 22
15 56 393
15 64 948
15 67 60
15 69 67
15 71 477
15 73 236
15 74 944
15 75 804
15 76 417
15 79 159
15 80 631
15 82 429
15 87 808
15 88 865
15 89 370
15 91 64
15 92 448
15 93 418
15 95 327
15 98 313
15 99 916
16 20 396
16 21 327
16 22 837
16 26 569
16 33 152
16 34 523
16 38 973
16 40 413
16 41 751
16 42 493
16 43 546
16 44 525
16 47 155
16 48 823
16 51 116
16 56 558
16 57 53
16 58 843
16 59 226
16 60 43
16 61 220
16 62 233
16 63 153
16 64 871
16 67 756
16 68 671
16 72 670
16 73 698
16 75 41
16 76 590
16 77 209
16 78 583
16 79 8
16 83 899
16 89 282
16 90 557
16 92 160
16 95 335
16 96 328
16 98 120
16 100 29
17 20 38
17 21 433
17 23 176
17 27 960
17 28 877
17 29 710
17 31 203
17 33 672
17 36 690
17 37 811
17 40 564
17 41 857
17 42 559
17 44 792
17 45 716
17 48 89
17 50 821
17 51 545
17 52 374
17 53 902
17 55 541
17 56 321
17 58 408
17 59 581
17 60 373
17 62 768
17 63 148
17 64 673
17 65 890
17 67 408
17 69 87
17 70 254
17 71 138
17 72 925
17 73 646
17 76 681
17 78 344
17 81 146
17 83 633
17 84 745
17 85 852
17 86 574
17 88 793
17 90 397
17 94 544
17 96 576
17 98 551
17 99 943
18 19 855
18 20 217
18 22 11
18 23 129
18 25 781
18 28 503
18 30 698
18 34 49
18 35 586
18 36 699
18 37 492
18 38 903
18 42 332
18 43 110
18 46 200
18 50 807
18 53 44
18 54 183
18 55 341
18 56 684
18 57 846
18 60 701
18 63 140
18 67 439
18 73 635
18 75 474
18 77 558
18 78 423
18 79 66
18 80 263
18 82 358
18 84 920
18 85 907
18 86 876
18 89 571
18 91 447
18 92 997
18 95 67
19 20 662
19 24 490
19 27 632
19 28 252
19 30 272
19 31 289
19 32 514
19 35 908
19 38 307
19 40 518
19 41 412
19 44 660
19 47 140
19 50 688
19 51 362
19 52 543
19 54 799
19 55 582
19 56 174
19 57 725
19 58 877
19 59 639
19 60 206
19 61 790
19 64 648
19 65 497
19 66 246
19 67 485
19 69 569
19 71 147
19 73 253
19 75 814
19 77 4
19 80 928
19 81 455
19 85 568
19 89 982
19 91 477
19 92 387
19 93 120
19 94 182
19 95 362
19 96 802
19 98 848
19 99 278
20 21 245
20 22 698
20 23 453
20 24 801
20 25 389
20 28 491
20 29 725
20 30 910
20 31 90
20 34 367
20 36 479
20 40 600
20 46 90
20 48 93
20 50 51
20 52 933
20 53 454
20 55 859
20 56 279
20 57 916
20 58 230
20 59 312
20 60 521
20 61 232
20 63 53
20 68 176
20 69 548
20 70 943
20 71 895
20 72 237
20 73 808
20 74 196
20 75 713
20 77 102
20 78 818
20 79 179
20 83 724
20 84 153
20 85 933
20 86 246
20 88 856
20 90 514
20 92 505
20 95 49
20 96 156
20 97 133
20 99 835
21 22 146
21 24 270
21 27 522
21 30 799
21 34 51
21 36 124
21 37 439
21 38 488
21 40 37
21 42 729
21 43 567
21 44 68
21 45 969
21 46 933
21 48 661
21 49 440
21 51 268
21 53 915
21 54 94
21 55 384
21 57 42
21 58 303
21 60 195
21 63 826
21 65 548
21 67 917
21 68 1
21 69 67
21 70 859
21 71 266
21 72 483
21 74 469
21 76 925
21 77 494
21 82 980
21 83 851
21 84 956
21 86 559
21 89 331
21 91 527
21 93 836
21 94 590
21 99 815
21 100 434
22 23 391
22 24 994
22 26 594
22 28 527
22 33 260
22 38 690
22 39 33
22 40 853
22 43 811
22 44 359
22 53 327
22 56 156
22 61 449
22 62 150
22 63 74
22 66 580
22 71 943
22 72 553
22 74 938
22 75 210
22 77 34
22 78 157
22 80 67
22 81 32
22 83 253
22 85 498
22 86 659
22 87 398
22 90 133
22 93 423
22 98 8
22 100 955
23 27 288
23 29 235
23 32 329
23 34 201
23 36 80
23 37 647
23 38 947
23 39 21
23 40 130
23 44 672
23 48 164
23 52 543
23 53 549
23 54 69
23 57 854
23 59 240
23 61 795
23 62 945
23 64 114
23 66 122
23 67 766
23 69 466
23 70 123
23 71 668
23 72 279
23 73 84
23 74 790
23 75 354
23 77 190
23 78 945
23 79 726
23 80 911
23 82 970
23 88 690
23 89 195
23 90 992
23 91 758
23 93 341
23 94 390
23 96 104
23 97 513
24 29 691
24 30 298
24 36 919
24 37 421
24 38 658
24 39 270
24 43 589
24 44 107
24 47 362
24 48 542
24 50 591
24 51 562
24 55 649
24 57 867
24 58 631
24 59 17
24 60 219
24 65 510
24 66 990
24 67 6
24 68 523
24 69 274
24 71 777
24 73 548
24 74 60
24 75 212
24 76 667
24 77 193
24 81 591
24 82 911
24 83 288
24 84 250
24 87 421
24 91 406
24 92 192
24 93 253
24 94 129
24 95 185
24 98 672
24 99 133
24 100 41
25 26 958
25 27 108
25 28 899
25 32 932
25 36 922
25 38 978
25 40 959
25 45 2
25 50 252
25 52 587
25 53 629
25 54 670
25 56 566
25 57 357
25 58 380
25 59 625
25 61 325
25 64 759
25 68 563
25 71 896
25 72 232
25 73 867
25 74 205
25 75 413
25 77 73
25 78 681
25 79 976
25 80 442
25 81 136
25 82 739
25 84 97
25 93 924
25 94 612
25 98 747
25 99 939
25 100 242
26 27 837
26 33 836
26 37 465
26 38 92
26 39 582
26 41 127
26 44 534
26 47 395
26 49 713
26 51 53
26 52 180
26 53 876
26 54 799
26 55 241
26 57 859
26 58 544
26 59 75
26 60 540
26 61 84
26 62 526
26 65 549
26 67 45
26 68 491
26 69 838
26 70 140
26 71 791
26 73 90
26 76 423
26 77 634
26 80 461
26 81 682
26 82 993
26 87 665
26 92 758
26 93 808
26 94 586
26 95 83
26 96 191
26 97 954
26 99 784
27 28 530
27 30 626
27 32 857
27 34 949
27 36 931
27 38 379
27 40 529
27 42 268
27 43 155
27 45 697
27 46 620
27 47 296
27 48 171
27 49 572
27 56 717
27 59 529
27 60 214
27 61 310
27 62 779
27 63 83
27 72 867
27 73 43
27 74 404
27 76 676
27 80 960
27 81 912
27 84 378
27 85 412
27 87 291
27 88 576
27 91 919
27 92 773
27 93 731
27 95 557
27 96 501
27 98 983
27 100 973
28 30 622
28 32 368
28 34 134
28 40 772
28 42 540
28 43 226
28 48 757
28 49 408
28 54 506
28 55 74
28 58 419
28 59 93
28 60 934
28 62 858
28 67 830
28 68 631
28 72 396
28 73 436
28 75 47
28 79 781
28 91 154
28 93 321
28 98 898
28 100 818
29 32 570
29 33 793
29 35 954
29 38 840
29 39 808
29 43 430
29 47 623
29 49 558
29 54 892
29 56 174
29 58 562
29 59 995
29 60 229
29 61 607
29 65 651
29 67 521
29 68 658
29 70 18
29 72 285
29 74 345
29 75 408
29 76 664
29 78 903
29 80 435
29 81 30
29 82 805
29 84 407
29 85 764
29 86 545
29 87 147
29 88 661
29 89 94
29 90 551
29 92 345
29 93 631
29 94 924
29 98 99
29 100 883
30 33 827
30 40 778
30 41 23
30 44 263
30 47 454
30 50 932
30 51 358
30 57 928
30 59 205
30 60 997
30 61 908
30 64 164
30 68 826
30 71 468
30 73 977
30 75 191
30 76 448
30 78 546
30 80 593
30 81 726
30 83 579
30 85 865
30 87 44
30 88 818
30 92 452
30 93 683
30 97 928
30 98 906
30 99 741
31 32 938
31 34 571
31 36 398
31 41 773
31 45 289
31 51 331
31 53 606
31 54 730
31 55 663
31 57 976
31 59 692
31 62 130
31 63 883
31 65 736
31 66 513
31 67 630
31 70 452
31 71 546
31 78 180
31 83 770
31 84 657
31 85 27
31 88 781
31 92 974
31 94 533
31 96 150
31 98 916
31 100 719
32 33 608
32 35 103
32 36 861
32 38 107
32 39 711
32 40 370
32 41 26
32 45 950
32 46 559
32 47 16
32 48 321
32 51 825
32 52 225
32 53 195
32 57 513
32 58 577
32 59 927
32 60 114
32 61 482
32 62 485
32 63 47
32 67 270
32 71 308
32 74 327
32 75 328
32 80 818
32 81 476
32 82 846
32 85 427
32 87 46
32 88 960
32 90 847
32 92 644
32 98 457
32 99 616
32 100 948
33 34 34
33 37 556
33 42 525
33 46 491
33 48 851
33 49 991
33 50 223
33 51 450
33 52 638
33 54 950
33 62 369
33 63 210
33 75 842
33 77 305
33 78 93
33 81 90
33 84 161
33 86 464
33 87 25
33 88 166
33 92 457
33 94 900
33 97 747
33 98 364
34 35 612
34 37 181
34 38 447
34 42 187
34 43 175
34 48 469
34 49 528
34 50 498
34 51 113
34 54 327
34 56 559
34 57 915
34 58 244
34 59 150
34 60 813
34 62 99
34 64 398
34 65 791
34 66 863
34 67 548
34 68 174
34 69 884
34 72 607
34 73 940
34 75 519
34 78 350
34 79 211
34 80 740
34 81 705
34 82 373
34 83 515
34 85 638
34 91 769
34 94 303
34 96 646
34 97 815
34 100 110
35 36 877
35 38 777
35 39 104
35 40 765
35 41 283
35 44 790
35 45 684
35 50 665
35 52 151
35 53 287
35 54 129
35 57 701
35 58 367
35 61 840
35 63 743
35 64 656
35 65 806
35 68 597
35 69 129
35 70 695
35 71 497
35 72 18
35 73 98
35 75 119
35 76 276
35 77 424
35 82 925
35 83 213
35 87 779
35 88 26
35 90 931
35 91 423
35 97 600
35 98 62
35 99 719
36 41 43
36 46 80
36 47 48
36 48 871
36 50 531
36 52 301
36 56 25
36 60 529
36 65 30
36 69 672
36 71 201
36 72 403
36 73 823
36 74 920
36 75 440
36 76 255
36 77 438
36 78 394
36 79 824
36 80 79
36 81 586
36 82 525
36 83 831
36 91 331
36 92 590
36 95 51
36 96 589
36 99 253
36 100 20
37 39 820
37 41 172
37 42 90
37 48 628
37 50 931
37 52 944
37 57 572
37 58 596
37 59 885
37 61 449
37 64 977
37 65 963
37 66 731
37 69 965
37 70 928
37 74 971
37 75 929
37 76 895
37 82 357
37 87 507
37 89 12
37 90 173
37 91 812
37 93 47
37 94 475
37 95 474
37 96 94
37 97 843
37 99 381
37 100 86
38 39 982
38 40 356
38 42 826
38 43 407
38 45 126
38 49 223
38 50 535
38 58 991
38 60 446
38 61 576
38 62 425
38 75 999
38 77 715
38 79 214
38 81 895
38 82 342
38 84 44
38 85 255
38 86 557
38 87 95
38 89 831
38 93 279
38 95 145
38 96 125
38 98 318
38 100 194
39 40 71
39 41 79
39 43 62
39 44 833
39 45 538
39 47 808
39 48 208
39 51 710
39 52 126
39 53 515
39 54 260
39 57 486
39 60 652
39 61 302
39 64 581
39 65 179
39 66 294
39 68 376
39 69 866
39 75 51
39 76 790
39 79 791
39 80 311
39 82 365
39 85 893
39 87 783
39 90 221
39 92 806
39 94 131
39 96 370
39 97 799
39 98 876
39 100 855
40 43 54
40 44 529
40 45 229
40 46 760
40 49 346
40 52 753
40 53 49
40 54 555
40 55 974
40 57 369
40 60 310
40 63 752
40 65 879
40 68 951
40 75 339
40 76 146
40 77 197
40 80 945
40 81 155
40 82 713
40 85 615
40 86 737
40 88 683
40 90 816
40 91 85
40 93 774
40 96 294
41 42 241
41 43 596
41 45 457
41 47 662
41 48 875
41 49 736
41 56 887
41 57 691
41 58 61
41 59 994
41 60 315
41 61 579
41 63 480
41 65 450
41 70 729
41 72 748
41 73 382
41 74 253
41 78 649
41 79 593
41 84 976
41 85 986
41 87 500
41 89 817
41 90 944
41 91 567
41 96 579
41 97 925
41 98 168
41 100 817
42 43 973
42 46 93
42 51 87
42 52 91
42 55 225
42 58 542
42 59 101
42 60 615
42 61 923
42 62 592
42 63 773
42 65 523
42 66 16
42 69 430
42 70 549
42 73 535
42 77 607
42 81 559
42 82 521
42 83 636
42 85 530
42 87 641
42 91 803
42 93 364
42 94 844
42 96 897
42 97 24
42 98 595
42 100 944
43 44 780
43 45 127
43 46 845
43 49 368
43 52 19
43 54 64
43 55 400
43 56 926
43 57 899
43 58 411
43 59 951
43 61 212
43 64 471
43 68 329
43 69 722
43 71 6
43 73 521
43 77 689
43 78 718
43 79 241
43 82 390
43 87 482
43 88 59
43 91 699
43 94 575
43 95 975
43 96 611
43 97 844
43 100 817
44 49 784
44 50 729
44 51 438
44 54 242
44 56 152
44 57 530
44 58 406
44 61 39
44 63 194
44 64 548
44 66 997
44 67 891
44 71 968
44 72 318
44 73 228
44 74 922
44 75 798
44 76 631
44 77 850
44 81 334
44 82 446
44 83 445
44 86 361
44 87 620
44 88 353
44 90 398
44 95 541
44 98 108
44 99 494
45 46 493
45 49 845
45 52 931
45 53 709
45 55 367
45 56 29
45 57 231
45 63 623
45 66 13
45 67 691
45 68 579
45 69 4
45 70 349
45 72 879
45 73 429
45 74 507
45 77 65
45 78 543
45 79 627
45 80 910
45 82 991
45 83 337
45 85 892
45 86 960
45 87 360
45 90 374
45 92 147
45 94 71
45 96 964
45 97 570
45 99 645
46 47 357
46 49 765
46 52 511
46 53 243
46 61 282
46 64 924
46 65 457
46 67 997
46 69 983
46 72 861
46 74 594
46 76 424
46 77 168
46 79 954
46 80 241
46 84 885
46 86 371
46 92 596
46 94 445
46 95 91
46 96 345
46 98 714
46 100 181
47 48 54
47 50 616
47 51 537
47 53 839
47 55 663
47 56 156
47 57 252
47 58 278
47 60 279
47 64 525
47 65 110
47 68 360
47 71 11
47 73 628
47 77 51
47 78 938
47 79 696
47 82 717
47 83 499
47 84 851
47 86 876
47 88 718
47 92 94
47 95 254
47 98 825
47 100 794
48 49 362
48 50 304
48 51 287
48 52 764
48 53 255
48 58 685
48 59 605
48 60 189
48 62 417
48 63 9
48 64 648
48 67 130
48 68 169
48 72 296
48 73 147
48 75 411
48 76 138
48 80 696
48 81 267
48 82 152
48 86 955
48 91 618
48 92 740
48 93 931
48 94 148
48 96 312
49 50 64
49 53 80
49 56 536
49 60 937
49 61 918
49 62 307
49 64 342
49 66 596
49 67 324
49 68 940
49 70 398
49 72 182
49 75 454
49 79 718
49 80 988
49 82 385
49 85 998
49 90 898
49 91 941
49 92 817
49 94 317
49 95 309
49 96 719
49 97 56
49 98 567
50 51 47
50 54 816
50 55 814
50 56 933
50 59 368
50 61 659
50 64 152
50 65 857
50 66 179
50 71 946
50 72 120
50 73 27
50 76 693
50 77 124
50 78 919
50 80 530
50 81 628
50 84 909
50 86 199
50 88 352
50 89 155
50 90 776
50 91 177
50 92 721
50 96 856
50 100 967
51 54 667
51 56 435
51 57 708
51 58 263
51 59 860
51 60 780
51 65 210
51 66 970
51 68 691
51 69 153
51 70 953
51 71 920
51 74 755
51 76 998
51 77 347
51 78 991
51 81 718
51 82 666
51 87 406
51 88 378
51 90 618
51 93 657
51 94 901
51 95 243
51 97 791
51 100 67
52 57 478
52 58 1
52 59 138
52 61 435
52 62 159
52 67 729
52 68 90
52 69 308
52 70 941
52 71 572
52 74 947
52 75 404
52 78 406
52 80 524
52 82 165
52 83 491
52 85 80
52 86 602
52 88 132
52 89 653
52 94 964
52 96 476
52 97 545
52 99 841
53 54 34
53 55 407
53 56 354
53 59 38
53 63 617
53 66 110
53 67 635
53 68 651
53 71 223
53 76 180
53 77 350
53 78 162
53 79 162
53 81 207
53 89 570
53 90 336
53 91 394
53 92 923
53 95 299
53 97 262
53 98 902
53 99 924
53 100 746
54 55 900
54 56 519
54 57 193
54 58 631
54 60 371
54 62 586
54 63 860
54 65 245
54 67 279
54 69 305
54 70 929
54 71 149
54 72 611
54 74 823
54 75 142
54 76 738
54 81 462
54 84 529
54 91 556
54 94 923
54 96 945
54 98 361
54 100 260
55 65 164
55 97 856
55 69 391
55 70 182
55 71 752
55 74 759
55 76 134
55 93 428
55 82 402
55 83 992
55 84 216
55 85 878
55 87 220
55 57 994
55 89 469
55 59 842
55 60 59
55 61 229
55 62 794
55 95 933
55 64 948
56 97 967
56 66 542
56 92 187
56 71 629
56 74 65
56 75 156
56 79 689
56 80 386
56 81 759
56 85 740
56 95 48
56 87 486
56 88 628
56 90 770
56 91 77
56 60 787
56 63 926
57 59 540
57 60 196
57 62 295
57 66 503
57 67 519
57 68 509
57 72 21
57 73 167
57 74 861
57 77 508
57 78 350
57 79 613
57 81 190
57 82 682
57 87 635
57 88 210
57 89 948
57 90 598
57 94 922
57 95 475
57 96 795
57 99 154
57 100 419
58 65 851
58 66 95
58 67 829
58 68 783
58 69 373
58 99 521
58 72 884
58 73 712
58 74 539
58 75 870
58 76 544
58 77 536
58 78 992
58 93 929
58 82 110
58 98 832
58 89 837
58 91 795
58 61 705
58 96 639
59 67 169
59 100 178
59 69 6
59 99 858
59 78 327
59 79 180
59 80 245
59 83 710
59 85 554
59 88 811
59 89 171
59 91 768
59 95 433
59 96 823
60 62 765
60 63 941
60 64 20
60 67 386
60 68 651
60 69 423
60 73 7
60 74 899
60 78 267
60 79 771
60 80 622
60 81 468
60 83 410
60 84 461
60 85 504
60 87 970
60 90 644
60 91 542
60 93 661
60 97 822
60 99 391
60 100 369
61 65 76
61 68 802
61 71 463
61 73 459
61 74 944
61 77 582
61 79 107
61 82 534
61 83 266
61 100 62
61 85 793
61 86 167
61 90 327
61 91 171
61 95 140
61 63 571
62 64 358
62 65 293
62 66 558
62 67 768
62 69 439
62 72 991
62 73 432
62 74 570
62 75 503
62 76 480
62 78 20
62 80 473
62 81 415
62 84 113
62 85 751
62 86 428
62 87 889
62 88 123
62 91 304
62 94 596
62 95 44
62 97 666
62 98 955
62 99 559
63 65 288
63 66 729
63 67 219
63 68 167
63 69 829
63 70 900
63 72 742
63 73 395
63 74 659
63 75 947
63 76 931
63 77 68
63 80 924
63 81 641
63 82 634
63 86 537
63 88 247
63 89 347
63 90 321
63 93 171
63 94 585
63 96 682
63 97 347
63 98 713
63 100 407
64 65 125
64 66 218
64 67 84
64 68 788
64 98 512
64 70 240
64 72 919
64 73 981
64 74 428
64 77 535
64 78 176
64 79 914
64 80 69
64 85 828
64 87 316
64 92 327
64 95 729
65 98 584
65 99 732
65 100 610
65 70 523
65 74 277
65 75 938
65 76 777
65 77 298
65 79 901
65 85 877
65 86 824
65 89 710
65 91 520
65 94 843
66 97 465
66 98 750
66 67 987
66 69 539
66 71 917
66 72 577
66 74 23
66 79 573
66 81 834
66 82 446
66 84 371
66 85 148
66 91 90
66 92 830
66 94 505
66 96 755
67 68 497
67 70 403
67 71 916
67 73 691
67 74 510
67 75 600
67 78 242
67 80 705
67 81 627
67 83 976
67 100 291
67 85 842
67 86 431
67 87 367
67 89 451
67 90 247
67 91 651
67 93 821
67 96 186
68 70 976
68 71 964
68 74 547
68 76 981
68 77 9
68 78 143
68 80 423
68 86 454
68 87 529
68 88 580
68 90 795
69 98 128
69 100 265
69 70 36
69 71 306
69 72 209
69 74 523
69 79 748
69 80 962
69 81 223
69 83 405
69 84 761
69 88 718
69 90 623
69 91 113
69 95 874
69 96 970
70 98 432
70 99 688
70 71 751
70 72 544
70 73 466
70 75 736
70 77 745
70 78 983
70 81 205
70 83 79
70 84 497
70 86 145
70 89 891
70 90 646
70 92 420
70 93 108
70 94 829
70 95 52
71 97 965
71 99 7
71 100 257
71 72 90
71 73 753
71 77 110
71 80 42
71 81 510
71 83 656
71 84 496
71 85 186
71 88 317
71 93 999
71 96 808
72 97 91
72 98 806
72 100 405
72 74 354
72 77 471
72 78 79
72 79 466
72 83 971
72 84 134
72 88 541
72 89 112
72 90 38
72 92 575
72 96 923
73 100 715
73 74 438
73 75 44
73 76 404
73 78 765
73 80 769
73 81 943
73 83 608
73 84 731
73 85 128
73 86 198
73 87 327
73 89 541
73 90 510
73 92 945
73 93 40
73 94 158
73 95 225
74 97 301
74 98 989
74 77 24
74 78 955
74 79 851
74 80 385
74 86 934
74 87 743
74 88 582
74 91 727
74 92 741
74 94 389
75 97 54
75 100 882
75 80 260
75 88 322
75 90 608
75 93 705
75 94 864
75 95 432
75 96 149
76 98 893
76 100 32
76 77 312
76 78 952
76 79 223
76 80 996
76 81 18
76 82 295
76 85 772
76 86 951
76 89 549
76 91 939
76 94 975
76 95 346
76 96 18
77 97 26
77 78 498
77 81 225
77 83 892
77 84 914
77 85 754
77 87 726
77 88 971
77 89 306
77 90 178
77 94 853
77 95 300
78 97 830
78 98 663
78 100 640
78 79 704
78 80 388
78 82 699
78 85 131
78 86 984
78 87 957
78 88 622
78 91 853
78 92 442
78 93 857
78 95 624
78 96 474
79 99 3
79 100 669
79 80 253
79 81 739
79 89 284
79 93 711
79 95 196
80 97 730
80 81 879
80 82 312
80 84 279
80 85 803
80 89 402
80 90 311
80 91 744
80 93 5
80 95 497
80 96 101
81 98 649
81 99 846
81 100 637
81 83 653
81 84 415
81 85 781
81 86 105
81 87 631
81 88 388
81 89 928
81 92 684
82 97 589
82 100 491
82 83 761
82 84 716
82 85 468
82 86 946
82 87 106
82 88 28
82 91 616
82 96 880
83 97 764
83 98 552
83 85 670
83 88 135
83 89 877
83 91 163
83 94 39
84 98 849
84 99 703
84 100 695
84 88 5
84 91 364
84 92 980
85 97 936
85 99 233
85 100 550
85 86 369
85 87 72
85 90 808
85 91 551
85 92 389
85 94 713
86 98 766
86 87 337
86 88 745
86 93 450
86 94 493
86 95 808
86 96 134
87 97 464
87 98 362
87 99 806
87 88 772
87 91 142
87 93 442
87 94 28
87 95 204
87 96 827
88 98 395
88 99 529
88 100 982
88 90 504
88 92 460
88 93 182
88 94 50
88 95 563
88 96 333
89 97 418
89 100 218
89 94 727
89 96 401
90 100 835
90 98 26
90 99 525
90 92 177
90 96 260
91 99 500
91 100 340
91 92 192
91 93 657
91 94 322
91 96 737
92 99 177
92 93 211
92 94 403
93 98 158
93 99 884
93 100 372
93 94 969
93 96 165
94 100 30
94 95 425
94 96 579
95 99 269
95 96 980
96 98 922
97 98 686
97 99 942
98 99 184
98 100 917
