600 24 1306
43
166
10
161
152
453
60
96
382
120
264
268
472
571
366
532
37
255
525
398
468
589
386
519
201 566
202 249
423 393
217 38
597 505
482 467
424 5
380 536
166 105
445 123
461 254
499 500
51 319
456 100
121 359
90 424
135 312
486 466
519 205
296 428
492 200
193 208
226 522
7 415
501 489
545 362
449 140
402 498
12 315
256 428
133 375
327 107
586 334
251 416
400 311
593 43
37 144
311 214
175 469
426 225
447 515
84 136
542 182
162 420
549 187
26 388
533 299
561 205
278 97
346 80
383 483
267 503
562 83
324 233
258 522
249 38
394 383
219 473
383 148
252 484
152 80
319 394
469 92
307 366
115 461
451 345
572 513
92 10
45 596
261 82
455 347
106 340
439 393
236 465
219 489
98 200
518 58
256 433
504 261
406 12
212 195
123 426
528 5
54 473
543 194
361 595
332 145
338 491
153 555
341 384
67 20
294 417
155 389
116 412
177 554
323 414
505 330
18 337
242 299
379 87
228 342
557 97
110 579
596 194
407 165
61 238
23 288
560 332
159 303
72 52
475 156
351 391
410 284
135 408
479 298
32 595
230 9
46 121
397 498
116 417
360 103
374 120
75 205
586 146
268 596
588 474
242 49
450 182
16 289
340 347
306 275
341 99
267 552
473 217
346 496
178 279
274 215
119 109
140 370
409 334
176 277
580 323
262 125
249 442
345 313
366 96
591 106
329 26
160 203
101 530
375 457
572 447
79 35
158 579
337 414
78 124
312 370
109 292
391 407
169 48
262 492
300 91
35 403
340 162
37 75
308 246
465 396
46 557
583 112
36 80
434 438
500 568
539 98
529 228
576 153
271 338
350 501
328 70
574 366
170 474
171 144
598 326
587 456
576 363
129 331
164 242
178 236
107 437
336 450
468 547
552 194
272 141
194 71
49 402
259 188
126 592
563 140
563 62
577 364
248 461
331 380
18 261
162 441
340 29
307 493
528 492
434 337
420 114
581 172
464 321
97 515
245 82
501 467
375 338
39 169
104 202
410 174
44 558
125 523
366 53
282 172
360 542
592 330
294 188
492 134
593 126
585 467
397 162
267 540
65 16
491 230
592 530
309 595
301 549
473 155
180 549
34 328
530 83
561 386
4 153
115 174
464 488
398 125
365 399
261 100
95 145
463 14
197 423
307 86
24 231
502 332
471 23
397 127
430 246
245 519
596 590
8 597
317 446
207 471
541 238
138 6
184 492
488 323
378 74
390 90
274 492
498 333
222 599
149 578
123 258
163 554
224 295
534 283
458 296
287 527
163 278
243 215
504 274
89 68
346 64
496 52
441 492
195 107
222 365
600 176
145 500
488 514
36 264
99 219
488 41
295 407
318 336
1 347
91 475
354 234
272 278
510 42
107 497
374 200
307 119
436 534
255 267
377 360
134 364
365 6
284 221
479 13
464 457
477 222
590 490
42 93
342 320
285 281
179 402
556 450
440 86
318 432
118 325
403 131
13 244
285 141
212 381
338 411
435 310
231 368
387 415
58 430
504 430
237 162
281 499
157 390
557 77
73 238
240 45
361 123
347 507
213 389
339 487
187 337
88 279
99 103
230 558
377 22
198 66
429 74
157 429
284 339
141 143
505 67
237 578
35 459
564 1
510 52
120 8
151 221
12 438
483 244
597 381
531 373
212 88
127 196
143 583
401 598
313 60
157 138
505 217
266 376
189 127
227 343
562 18
449 322
411 537
26 457
213 525
50 193
205 29
512 57
333 229
378 291
354 87
550 363
74 584
281 416
469 346
74 427
488 103
143 414
319 229
484 26
233 374
387 302
317 338
231 573
375 587
231 182
175 408
592 209
595 398
413 575
310 319
111 185
15 66
135 263
466 462
517 229
439 126
283 110
260 197
29 134
462 522
550 294
276 266
346 478
567 18
516 442
81 589
17 213
236 223
147 576
575 359
257 212
501 115
501 411
196 28
389 72
304 208
464 598
170 436
494 271
186 96
305 193
283 50
55 350
400 123
352 285
344 7
501 575
131 445
160 359
583 110
498 460
577 76
311 380
73 176
346 460
146 257
320 549
178 213
367 527
193 78
315 365
497 506
96 353
191 533
317 197
565 469
308 316
332 327
124 370
411 371
452 69
460 265
546 136
283 482
149 366
246 511
213 175
517 399
497 281
14 59
426 237
14 196
486 124
221 599
320 373
356 290
348 195
24 574
545 115
163 358
162 476
103 390
196 401
156 436
96 582
107 34
71 150
212 393
289 221
313 56
409 50
127 499
269 499
472 417
213 139
414 311
407 160
406 426
452 373
126 520
510 236
152 81
178 88
77 70
416 592
332 28
208 294
447 171
334 142
77 416
150 322
592 288
208 537
12 525
509 506
474 177
92 60
511 51
564 330
373 41
55 339
222 377
486 182
513 418
86 551
201 119
117 280
307 60
75 588
373 533
589 443
368 149
84 386
3 86
376 543
570 193
532 261
6 331
189 520
454 234
465 555
422 595
555 447
526 548
573 268
348 462
300 35
541 208
115 132
509 224
337 539
139 519
56 88
88 497
508 383
492 366
434 258
17 155
506 303
487 469
329 316
477 367
536 335
392 564
153 411
443 146
361 440
79 371
526 525
55 192
162 376
261 39
309 536
402 330
385 181
414 539
212 516
570 67
364 482
571 567
448 557
25 158
529 142
422 80
508 478
469 574
109 215
26 495
324 175
20 376
566 494
456 556
99 227
442 214
145 34
31 582
117 176
157 342
26 18
234 492
233 168
265 47
515 61
385 567
53 471
484 53
234 510
103 555
198 293
140 25
104 245
356 352
438 508
42 384
208 475
68 115
125 241
222 443
489 147
596 416
136 282
128 370
390 79
455 541
209 425
86 212
349 105
158 219
32 255
453 21
360 172
139 86
340 471
513 473
407 546
71 488
364 203
374 486
379 184
480 380
452 358
246 599
466 448
68 191
172 164
305 545
67 122
437 504
553 378
465 557
498 323
26 169
447 186
560 472
247 215
373 378
386 199
250 50
422 315
271 356
515 533
510 458
253 257
136 133
212 462
132 7
585 482
23 205
405 101
384 330
393 215
28 586
302 409
360 272
12 213
475 363
326 262
401 52
297 11
509 75
234 71
443 7
67 384
487 543
257 140
337 463
571 359
497 364
418 233
587 118
149 13
592 84
361 180
90 17
217 123
458 301
531 128
77 236
105 102
237 373
295 236
457 485
430 576
155 440
304 165
297 552
330 333
453 142
537 505
541 589
294 30
345 477
200 318
27 320
184 389
364 67
18 588
137 483
191 87
527 290
487 207
14 372
468 294
575 79
453 94
157 483
425 365
448 308
89 195
397 258
524 235
75 170
551 394
374 461
532 69
13 483
561 434
269 243
500 360
475 117
408 117
578 600
570 576
479 480
291 120
334 308
181 372
157 480
474 426
15 464
85 246
312 397
330 356
8 549
58 198
460 269
525 281
252 294
125 90
100 589
225 67
320 81
496 587
566 320
576 532
293 170
31 143
473 149
1 359
278 215
223 385
408 477
202 325
80 122
198 192
187 497
244 370
597 270
375 249
283 568
205 221
10 28
200 220
563 65
271 120
83 125
233 238
248 138
343 6
531 562
132 188
591 227
143 77
317 276
426 587
15 118
562 448
347 596
331 554
59 321
396 496
308 63
391 548
172 319
568 208
269 9
149 188
306 382
218 552
433 580
529 421
598 525
134 545
373 457
469 154
591 404
13 81
517 174
460 203
225 457
144 251
332 263
335 73
529 398
234 143
550 588
193 439
477 301
215 237
363 121
545 582
420 19
415 499
394 147
208 38
299 151
535 310
161 39
516 297
251 279
355 213
16 194
406 463
428 250
224 218
503 278
348 453
394 190
408 530
47 210
529 537
115 535
469 566
420 484
563 405
11 304
515 354
186 175
251 35
80 187
485 394
224 285
132 227
174 562
285 186
30 284
395 422
222 348
269 262
520 6
24 1
422 379
459 125
401 373
469 280
504 515
55 141
544 33
389 318
289 257
535 79
280 223
24 309
203 132
568 68
498 543
61 50
106 485
278 174
182 73
371 417
357 272
525 3
329 543
371 449
551 178
492 201
262 77
235 408
147 34
179 185
593 259
95 254
563 307
549 422
157 505
478 315
394 229
87 500
496 445
409 570
112 578
59 112
586 55
267 341
233 466
318 502
53 448
51 479
318 396
131 116
96 142
63 74
550 559
301 189
158 551
536 562
208 365
508 49
250 89
425 192
253 21
61 457
439 48
552 452
135 475
470 209
453 93
349 196
250 71
191 218
193 284
358 156
600 390
363 64
494 55
105 337
566 161
398 330
166 114
568 89
541 578
354 556
439 116
2 255
221 17
335 398
222 436
79 398
107 220
349 315
434 352
30 454
566 102
468 63
134 178
274 178
547 434
416 598
67 579
422 237
24 101
271 295
97 450
316 467
491 484
194 255
158 555
421 119
299 587
287 351
443 286
455 215
149 484
389 63
219 327
216 583
437 263
287 491
177 159
361 600
414 316
68 77
477 354
81 251
465 518
143 43
147 237
360 443
217 573
528 29
458 481
448 227
361 125
99 269
35 500
105 164
52 348
24 514
572 415
2 350
460 40
545 398
393 353
528 379
300 358
375 284
449 383
369 81
523 562
97 99
202 432
443 217
455 71
568 176
342 569
169 120
262 542
429 386
596 323
423 376
174 284
420 586
519 24
574 597
28 471
531 592
574 149
359 233
155 8
365 405
149 353
133 82
213 580
53 426
287 495
232 102
209 350
320 393
360 213
440 68
150 141
406 454
549 452
412 135
111 275
539 336
309 479
524 561
111 334
18 61
475 42
413 334
23 48
400 232
73 45
518 559
46 555
143 39
595 447
542 51
32 53
539 319
105 185
464 507
372 160
395 75
402 282
356 56
547 21
208 274
404 398
406 236
99 350
39 451
93 347
119 317
151 455
474 112
405 366
169 319
541 506
571 206
202 347
566 349
574 423
138 179
245 424
551 439
37 305
35 6
83 482
516 367
83 380
529 124
348 43
248 375
89 2
354 599
257 448
191 478
286 403
190 393
322 425
547 266
36 195
446 398
356 523
491 215
207 29
300 544
13 401
174 392
112 483
159 407
164 569
216 294
105 414
534 47
126 72
412 221
115 425
566 77
117 180
153 10
302 154
476 321
381 467
298 426
120 75
272 155
30 508
519 106
113 375
274 24
156 461
521 408
515 572
167 567
468 546
439 242
448 435
81 138
367 147
265 316
356 377
97 3
95 130
513 457
65 113
91 350
479 591
1 305
488 179
502 219
598 105
343 386
237 169
206 422
259 7
553 439
104 452
363 249
173 471
522 568
344 538
431 120
301 427
278 429
321 422
219 230
520 133
6 184
207 518
348 472
455 296
373 310
42 60
57 420
382 388
65 47
131 499
283 231
135 352
599 105
177 270
88 16
155 47
492 92
45 112
485 29
10 120
270 14
576 504
374 270
86 554
27 143
137 189
19 527
93 358
178 380
494 348
527 11
129 160
290 303
567 518
582 534
33 239
263 205
469 264
388 65
599 444
169 434
494 410
460 167
72 178
103 333
48 399
518 17
394 568
573 230
38 227
358 171
445 250
470 173
432 71
590 467
549 454
382 1
45 267
110 591
298 295
436 449
8 455
35 577
336 114
83 173
251 237
319 431
198 26
470 135
581 332
588 456
529 150
319 378
462 401
502 527
163 347
155 144
198 266
443 433
284 453
551 456
386 273
337 289
135 151
544 497
471 10
518 548
248 423
237 294
266 101
574 447
54 398
182 306
321 9
87 409
206 124
329 279
535 141
58 550
156 149
97 316
404 359
216 196
525 366
293 312
302 585
39 323
565 513
249 406
100 75
467 81
323 598
412 593
372 535
188 139
104 3
68 91
313 397
335 466
238 512
14 275
295 169
449 344
514 378
