594 25 1538
41
488
480
244
29
419
31
391
497
315
277
591
334
367
193
434
548
23
158
437
164
61
142
384
126
216 334
515 377
255 40
546 81
496 287
509 113
368 541
558 445
329 247
573 486
129 438
487 425
283 202
536 417
343 548
264 39
536 177
509 538
466 136
422 573
91 77
566 103
408 184
529 1
573 119
263 304
468 414
101 263
200 63
195 326
239 444
571 3
25 199
434 256
73 262
112 496
71 540
562 112
316 434
191 241
193 348
533 386
416 203
235 223
524 179
569 537
590 8
143 98
468 68
24 80
89 104
177 178
367 337
511 210
588 513
297 409
65 398
536 513
252 487
297 382
41 92
77 112
97 19
433 418
138 463
113 428
135 349
443 370
104 518
438 532
189 454
402 120
590 433
510 457
237 138
234 51
501 284
112 466
30 121
282 408
137 438
285 178
141 298
43 255
155 474
259 72
108 575
280 163
593 100
217 90
311 547
355 199
388 285
430 169
133 179
549 587
562 376
540 137
418 261
563 172
68 469
261 172
166 334
58 147
6 589
237 534
207 569
171 201
411 525
363 419
16 97
316 138
388 406
415 214
517 166
509 146
173 285
361 589
277 428
532 515
397 322
420 414
20 421
54 151
65 447
386 77
37 415
574 202
399 536
403 437
575 81
242 2
335 64
291 182
152 59
167 39
241 299
507 80
279 405
325 521
362 93
498 405
256 476
451 139
431 155
336 476
515 366
303 5
114 115
89 590
440 523
394 265
98 209
39 461
25 320
503 201
170 196
485 123
48 592
238 213
197 178
335 531
248 45
84 90
185 181
74 239
211 49
525 290
397 68
205 216
37 554
420 258
456 316
439 462
72 461
251 169
72 576
91 75
47 133
181 440
523 74
20 474
100 432
166 226
188 538
154 187
459 230
56 477
308 141
481 127
292 344
29 534
172 181
370 332
242 280
506 451
226 396
123 459
242 212
279 418
557 181
339 585
588 394
291 436
578 310
317 417
405 35
123 525
488 228
243 183
165 94
587 504
410 34
164 510
484 60
170 63
42 96
422 532
28 128
421 544
155 27
302 31
330 587
453 221
223 102
141 408
127 130
50 510
5 72
250 590
402 85
120 125
40 213
41 241
502 382
354 237
144 449
45 417
547 107
37 382
383 355
103 562
357 409
539 162
549 48
135 345
255 106
379 318
594 501
447 88
581 17
208 154
189 468
533 254
418 136
36 216
286 56
45 581
388 126
138 389
360 121
440 224
221 432
430 311
15 14
135 170
550 402
103 12
556 68
250 219
419 251
512 281
299 373
435 315
10 329
451 15
219 431
269 104
16 523
221 285
156 141
179 477
359 196
385 369
476 174
72 331
259 217
424 390
7 461
515 504
119 591
344 230
455 327
99 167
320 249
238 160
224 246
320 416
70 228
206 104
132 238
405 69
566 487
432 590
94 405
498 357
524 94
98 480
510 29
42 320
232 45
484 269
312 191
467 392
202 22
126 157
140 69
460 484
135 437
565 458
173 282
300 244
34 555
23 363
481 454
211 176
402 264
530 327
505 198
574 403
556 23
311 305
24 258
212 303
57 114
311 240
433 584
507 194
354 459
532 521
516 47
140 473
265 190
558 571
290 455
397 382
32 157
209 204
243 77
161 473
49 327
541 490
24 117
410 280
151 148
540 96
542 471
396 3
80 224
220 434
529 141
483 468
277 203
581 584
136 553
526 517
586 43
589 54
516 478
500 101
56 218
134 313
566 87
201 314
546 147
244 580
522 76
575 488
124 125
19 436
19 102
88 309
194 26
28 513
184 154
265 304
220 13
142 575
450 316
308 164
560 19
142 151
328 162
73 518
522 31
232 478
63 267
45 558
78 377
96 580
365 229
488 134
329 33
417 63
122 391
368 41
155 575
580 26
78 351
413 114
288 559
336 583
456 149
379 3
57 361
40 517
403 178
190 140
393 281
462 109
488 113
508 446
562 549
549 394
135 195
248 541
97 119
278 156
367 401
461 31
248 267
219 510
34 45
580 338
446 31
47 275
106 36
261 411
336 322
112 362
564 362
365 15
281 320
451 363
590 57
158 256
284 491
82 480
287 267
126 251
501 227
99 162
177 371
382 471
547 68
210 111
7 305
61 170
356 59
71 515
415 200
126 66
34 500
316 413
128 70
355 532
52 129
171 388
122 535
457 446
493 135
234 132
29 134
499 245
534 460
560 217
37 138
398 511
25 432
482 493
369 9
92 397
56 63
352 323
225 103
62 95
53 15
411 576
63 18
330 418
58 252
322 341
593 353
67 114
236 218
566 150
498 49
443 358
214 14
578 533
308 401
572 444
224 513
305 29
514 17
154 474
484 195
292 431
273 24
329 302
502 520
298 63
579 226
538 366
552 129
86 162
20 545
370 165
431 181
275 253
509 332
362 418
559 542
501 144
412 451
27 436
453 561
4 553
568 401
463 272
179 479
180 239
415 586
244 251
448 335
458 246
225 456
158 348
105 493
20 14
21 259
259 448
310 508
432 408
349 136
128 222
579 308
173 571
189 447
581 221
5 370
309 535
122 78
455 320
110 257
64 143
79 328
216 43
103 506
244 573
346 44
243 503
326 438
468 477
472 319
130 247
518 495
163 50
200 297
487 311
586 477
403 257
117 581
585 90
312 441
468 239
504 81
339 326
543 450
57 446
531 341
274 403
40 367
93 320
93 122
216 128
320 502
547 293
405 551
332 229
109 521
579 96
58 327
327 271
402 275
428 152
55 236
567 173
327 535
509 374
545 408
460 522
489 381
300 450
279 273
127 340
286 588
473 431
382 257
538 264
304 335
470 442
400 218
222 543
531 428
82 12
478 490
490 422
335 328
295 388
381 72
10 345
381 81
535 120
7 200
343 57
130 436
311 482
326 462
539 380
48 223
93 558
471 580
591 310
201 223
503 183
77 482
460 52
108 334
212 197
116 9
172 554
31 469
355 495
32 315
159 360
434 403
300 57
353 225
518 311
413 38
59 296
319 352
113 533
435 362
514 347
226 210
542 558
570 491
276 456
237 587
230 31
516 568
283 107
72 574
469 532
584 326
317 265
136 43
36 92
204 302
506 277
112 342
521 351
375 444
335 277
319 524
255 151
415 498
366 135
496 444
321 450
373 45
233 103
492 518
67 417
411 225
144 173
556 563
380 588
510 504
212 279
96 165
203 313
434 324
507 307
285 32
45 460
451 187
376 61
387 383
64 196
217 220
252 533
352 61
145 360
253 322
13 448
36 55
529 30
364 456
69 5
346 161
231 299
396 130
76 51
42 398
566 523
357 142
465 462
276 576
60 553
129 103
102 238
106 273
410 73
581 216
235 299
340 511
466 189
504 123
374 337
380 251
354 396
373 341
228 112
427 283
164 294
46 105
593 200
106 565
306 83
130 318
451 496
9 186
337 136
464 278
319 33
384 125
193 565
117 387
263 421
128 198
582 590
516 290
474 328
229 346
379 293
590 115
347 423
373 104
432 39
399 136
411 279
175 565
309 393
298 22
368 512
73 178
199 498
266 366
90 492
486 460
43 463
254 580
504 251
594 55
141 86
252 124
303 317
269 317
291 369
194 278
562 501
308 177
340 387
542 371
52 542
579 331
576 261
187 315
377 89
421 484
157 366
438 466
544 135
158 77
332 215
334 204
136 357
355 435
246 135
330 320
535 254
573 77
244 162
132 168
229 252
516 36
466 412
7 426
240 549
480 221
158 315
273 97
529 581
33 258
592 16
15 589
475 75
546 305
185 29
67 474
63 167
96 283
576 520
283 164
565 590
284 45
265 445
369 70
251 226
584 8
454 39
169 440
90 591
106 341
241 565
503 159
401 350
443 262
360 487
53 174
141 143
299 556
123 86
95 459
150 189
224 527
519 547
574 406
552 63
4 102
456 526
495 26
494 161
220 105
182 334
16 227
188 325
117 502
291 13
408 70
150 3
469 62
296 264
163 164
368 497
320 541
152 394
39 121
338 259
237 332
186 382
565 299
4 150
527 364
501 167
308 519
591 242
385 541
381 44
591 264
309 202
374 562
34 370
163 571
539 272
553 328
87 171
470 179
137 254
458 7
87 207
270 303
251 464
67 149
368 509
61 333
172 587
105 156
184 251
491 142
427 410
255 96
25 144
193 288
467 256
574 126
574 204
51 456
506 234
104 279
329 550
499 528
5 440
424 452
162 257
502 366
165 105
586 384
21 558
451 5
421 470
547 358
126 389
404 176
338 529
7 180
480 500
423 84
541 119
287 13
142 44
124 463
267 410
162 103
573 127
373 235
570 95
220 2
86 547
559 88
351 256
543 219
117 280
456 437
126 14
593 222
460 44
17 348
298 17
430 500
361 452
337 500
105 465
70 570
50 277
286 3
378 408
16 109
20 386
382 150
415 239
476 228
365 188
578 114
400 160
416 82
261 416
559 408
320 479
111 5
486 304
31 424
577 332
517 573
77 517
183 511
454 423
470 447
249 571
274 575
458 250
533 360
297 543
176 395
194 273
304 80
527 476
527 237
303 399
484 277
45 569
65 357
126 75
486 308
333 455
203 381
201 475
566 550
503 330
336 523
278 502
66 567
352 592
77 118
17 250
383 398
119 262
116 363
546 23
261 457
4 563
208 540
526 571
27 223
433 261
57 278
343 119
89 557
69 357
302 158
357 353
72 593
264 196
450 479
353 518
507 60
383 281
392 522
504 224
517 416
321 546
150 274
456 144
567 65
3 208
345 225
33 173
145 273
54 449
311 150
520 285
281 112
397 298
51 465
534 468
433 266
275 415
206 226
193 110
5 26
125 484
351 120
11 480
501 250
262 388
240 31
237 418
580 175
471 299
314 107
564 222
123 343
301 491
358 153
322 561
115 492
517 200
206 476
193 287
436 26
27 134
274 433
313 259
414 351
543 238
303 328
31 435
49 210
519 512
35 34
195 120
169 26
3 326
297 303
242 423
243 251
422 124
144 505
422 239
25 99
531 423
475 349
34 225
53 541
541 4
381 221
533 257
321 345
447 306
462 443
425 375
82 513
427 192
285 153
270 142
54 51
262 481
284 474
109 89
412 262
382 70
524 335
229 291
545 147
20 529
406 10
432 324
62 480
209 349
15 23
341 197
530 570
387 384
197 302
154 472
111 200
591 74
577 138
510 245
73 433
104 271
323 509
530 547
277 21
477 387
488 544
110 236
378 283
316 104
272 293
340 197
275 254
345 55
514 241
263 533
38 335
278 188
486 374
91 204
11 307
462 466
63 355
410 528
67 326
542 497
369 536
473 256
214 78
296 537
395 167
65 278
446 135
32 210
21 206
573 395
427 140
262 446
521 287
390 544
160 387
492 393
252 97
31 229
392 453
71 304
184 287
375 103
311 567
125 231
314 534
354 171
92 205
392 459
522 389
277 395
95 16
350 191
9 242
508 188
567 367
22 528
285 264
378 451
15 395
506 363
462 161
303 556
544 124
291 352
539 258
458 412
149 268
42 183
575 503
148 442
458 219
540 27
71 208
327 340
589 460
346 448
569 332
560 5
284 479
66 437
46 28
240 337
331 399
572 136
552 89
122 136
186 401
341 35
372 22
441 542
536 304
396 171
593 439
102 348
435 575
326 489
266 485
6 127
354 555
108 60
336 60
189 580
32 389
422 15
200 578
324 498
189 566
405 459
351 47
24 78
92 474
9 261
576 102
314 592
496 280
511 85
543 38
151 545
7 392
278 543
373 472
531 159
175 300
414 89
129 269
6 81
323 113
317 510
479 461
203 399
248 246
125 573
199 262
33 241
542 156
122 90
493 572
548 566
111 29
36 484
103 411
20 502
301 412
297 544
366 516
539 585
553 517
6 405
120 221
195 554
313 258
507 87
580 246
379 555
148 380
406 74
382 252
88 212
505 496
306 67
16 233
418 32
91 324
315 247
191 467
393 186
525 269
175 284
194 308
376 80
166 413
517 9
107 351
499 139
114 253
57 522
360 525
56 458
217 581
169 293
155 381
474 349
52 83
308 114
473 243
372 352
431 163
71 178
490 297
391 123
53 465
210 274
284 160
351 375
46 35
397 370
175 438
353 541
71 95
100 202
495 540
248 578
4 368
10 371
538 39
493 51
538 353
196 464
421 257
140 372
505 593
172 183
575 323
533 350
45 475
60 448
486 400
467 160
236 342
315 564
476 506
192 63
386 211
146 324
546 218
271 551
570 208
388 146
565 301
123 507
298 203
72 369
235 330
181 278
421 459
452 523
92 366
69 510
134 424
238 47
268 63
412 46
132 301
258 366
501 504
66 244
315 465
321 226
339 94
402 7
188 540
292 26
132 127
449 217
432 447
229 269
3 268
294 332
417 345
456 283
566 532
471 272
422 328
237 240
109 314
68 442
343 541
147 291
221 333
4 215
447 415
146 287
83 85
352 190
107 433
314 536
119 224
382 184
449 189
29 136
227 530
46 512
457 86
359 332
223 239
78 67
361 323
353 135
65 301
247 322
554 207
200 575
320 513
238 566
162 211
254 82
397 399
296 240
74 168
360 32
458 169
343 542
337 266
22 512
527 440
570 529
509 410
466 419
511 4
223 266
183 131
78 390
447 315
248 96
253 429
318 18
549 44
518 568
520 74
450 527
216 58
367 391
3 108
370 270
418 366
446 594
132 452
463 68
154 236
485 545
33 183
413 74
314 154
573 136
567 138
394 92
225 159
540 85
546 266
158 389
238 208
302 210
379 142
256 423
531 457
528 74
319 392
20 498
309 557
112 94
503 524
535 423
131 374
292 545
12 136
479 575
554 132
440 49
213 398
98 65
317 51
471 449
164 263
403 469
167 574
292 577
414 223
503 586
294 537
288 37
343 199
71 54
519 61
592 213
309 271
122 565
80 51
453 441
199 456
374 17
137 285
561 82
271 295
99 15
468 493
94 232
114 449
46 123
334 269
472 297
102 439
46 387
223 487
567 232
289 132
423 50
159 171
224 60
241 592
348 97
