711 49 732
159
565
342
365
106
82
441
687
598
247
318
638
74
639
38
393
678
166
114
657
444
56
674
392
689
377
324
138
8
599
600
303
233
75
680
102
697
78
695
673
32
174
656
422
170
398
43
130
260
139 537
440 376
390 438
355 132
331 381
21 120
656 268
615 312
672 699
98 156
553 264
176 596
668 485
565 349
63 706
477 139
141 622
254 523
479 594
150 707
265 526
129 536
611 688
662 138
505 487
316 207
535 405
497 83
143 507
458 699
255 515
641 170
119 626
454 224
590 136
59 223
533 156
462 291
411 19
589 295
344 142
168 75
332 260
569 509
173 542
463 161
110 659
533 669
560 457
634 673
120 1
401 205
630 459
283 222
265 38
89 25
395 532
196 324
316 142
331 509
422 218
374 332
679 367
596 163
631 43
600 557
619 360
148 465
482 537
561 364
324 425
499 241
159 261
411 698
683 193
449 563
372 685
26 269
207 123
676 216
231 94
619 105
187 221
560 704
387 521
231 149
3 81
414 690
234 432
707 702
217 498
387 704
456 131
10 244
581 551
53 617
505 356
571 12
413 305
119 189
351 169
222 248
484 511
428 138
605 3
225 335
684 282
194 581
613 549
22 324
540 545
417 559
665 21
642 176
130 368
42 135
242 6
259 298
557 105
192 695
692 76
452 292
485 61
673 172
511 487
564 261
207 354
567 132
631 126
692 19
348 711
637 73
150 367
683 561
240 502
648 478
576 559
661 580
165 196
333 593
279 292
647 606
10 424
707 11
457 53
633 628
399 131
33 176
233 269
219 209
425 441
570 107
619 522
50 702
562 386
118 257
189 176
658 414
11 389
248 80
176 609
601 550
367 60
461 59
600 223
324 250
43 479
99 667
260 281
658 627
650 411
308 156
55 346
223 233
125 682
85 230
392 564
310 487
327 412
245 516
551 87
127 376
512 188
75 501
10 629
43 25
17 582
680 242
201 599
668 54
348 421
175 78
470 438
627 660
573 493
54 523
449 667
307 566
585 480
225 434
548 297
523 514
376 484
277 596
260 675
315 579
550 640
235 78
695 703
195 318
269 599
372 711
383 195
673 220
239 634
449 330
105 569
614 85
636 488
580 57
429 339
294 200
71 688
475 468
584 171
145 224
270 395
644 226
183 192
308 449
508 289
454 666
668 179
70 277
384 408
95 235
518 127
345 496
263 441
518 381
593 96
339 396
215 688
494 403
47 73
537 248
263 344
483 690
141 296
593 485
518 22
218 34
224 47
652 466
599 78
642 705
8 125
503 516
410 63
576 475
516 179
524 155
206 201
416 53
547 65
435 305
238 570
470 691
509 601
231 173
356 618
711 447
46 294
428 608
669 543
32 270
235 189
24 319
690 204
599 488
400 585
118 559
402 463
222 317
5 170
407 198
308 107
514 629
261 403
468 70
674 569
23 201
490 63
339 597
335 496
29 49
97 176
676 532
645 319
321 594
565 77
89 17
237 72
490 463
677 575
434 532
355 51
497 536
533 103
124 26
217 477
642 435
325 628
96 445
477 339
706 279
444 397
651 236
46 498
468 462
125 304
68 150
359 483
221 504
484 108
244 471
420 100
70 637
91 219
124 472
416 424
625 613
465 362
284 124
252 427
403 400
377 10
396 375
559 557
29 389
114 350
662 452
610 276
596 345
583 334
488 414
160 370
593 135
705 88
502 105
557 318
617 518
343 710
218 450
212 74
464 186
431 526
306 383
138 420
628 189
607 460
75 108
276 595
193 486
677 601
27 41
435 493
400 4
14 576
316 39
116 202
353 555
89 97
500 146
357 515
62 688
68 178
647 31
322 341
399 11
331 655
234 345
291 52
97 593
470 47
585 601
218 348
216 650
587 693
467 94
279 430
473 478
225 580
40 413
70 449
582 304
78 419
234 137
107 320
377 306
691 685
629 174
532 38
673 250
674 702
230 213
119 16
527 357
56 535
29 680
549 652
536 330
412 80
700 420
620 492
93 126
290 462
387 305
362 685
557 429
143 178
251 496
57 666
216 2
484 339
346 534
162 333
489 80
432 257
242 198
438 382
546 401
256 447
425 510
374 384
455 400
205 383
442 343
637 581
297 14
408 55
461 456
226 708
288 387
36 118
203 362
356 323
622 566
579 259
307 212
296 609
672 435
408 252
538 176
129 618
26 371
561 33
38 268
331 620
79 206
264 627
150 119
477 173
220 702
258 296
263 529
336 697
313 425
397 497
128 15
63 536
73 698
304 158
22 446
545 424
183 116
688 331
334 70
24 424
254 17
249 86
68 297
206 39
319 329
151 250
494 167
172 237
181 39
306 664
617 502
278 174
292 506
217 193
557 256
355 450
594 372
43 491
93 43
377 180
34 609
143 577
418 133
437 658
560 266
246 428
537 658
618 432
49 617
160 296
508 433
261 334
550 115
287 197
302 313
17 118
175 389
587 679
312 301
49 406
65 283
562 363
248 414
463 496
541 267
176 654
448 212
224 203
307 67
211 589
391 440
170 618
315 47
83 280
110 593
399 88
76 475
596 687
316 577
592 594
322 355
160 645
250 196
91 286
248 650
382 520
163 415
531 178
411 514
519 217
139 150
113 245
693 452
478 488
638 685
704 651
437 485
410 236
328 150
302 135
169 387
566 92
477 193
41 177
162 624
538 343
614 82
174 304
120 577
274 267
674 198
346 7
355 358
629 659
253 21
653 514
314 124
679 45
326 376
29 401
251 541
293 415
124 493
589 79
147 57
175 27
130 327
375 437
518 458
616 267
616 280
234 678
96 340
465 467
399 466
247 512
353 543
178 481
383 95
243 419
330 127
181 377
448 490
450 198
517 470
184 259
520 88
97 301
652 387
397 390
480 562
569 343
163 290
455 644
353 15
702 140
154 57
83 323
248 609
116 78
43 275
407 496
519 6
12 387
298 86
394 321
543 295
637 202
549 44
585 447
599 678
380 49
277 574
153 396
523 169
1 298
265 392
661 482
599 337
459 33
578 349
684 435
606 269
55 94
190 247
179 13
295 668
407 363
103 482
43 496
546 316
356 122
159 146
698 173
109 500
403 235
129 706
247 22
393 455
416 205
151 380
655 187
556 390
447 90
373 64
318 663
65 344
487 543
520 258
194 225
571 105
368 552
674 596
317 7
412 366
680 214
382 631
21 515
29 97
531 133
138 183
704 410
240 218
25 482
233 8
470 240
50 656
319 256
267 650
385 475
451 223
153 469
499 677
431 252
588 464
659 207
138 539
695 442
87 374
431 132
71 94
699 481
456 78
476 558
344 415
442 266
614 510
3 518
162 68
377 204
689 77
11 406
87 584
609 233
500 506
336 78
396 622
117 393
690 525
23 326
360 518
301 441
605 418
563 422
286 170
341 396
567 245
489 654
480 617
132 653
516 367
299 335
400 664
