580 30 1187
62
222
304
51
459
113
542
398
485
384
159
297
468
331
560
201
132
453
274
321
516
142
513
515
33
467
84
312
287
386
431 373
314 114
579 221
258 38
293 543
195 109
261 159
100 47
330 65
301 245
185 207
360 66
188 502
473 13
546 138
398 79
329 173
349 340
505 412
561 110
224 551
327 217
42 452
265 333
470 430
366 95
471 348
477 418
125 398
319 124
433 189
453 197
403 151
266 305
262 51
456 372
37 340
172 10
84 349
389 499
235 580
16 222
373 201
8 477
139 97
357 338
448 277
323 159
138 296
271 5
67 423
444 420
42 575
525 254
172 412
309 556
302 9
209 235
212 265
465 428
139 341
574 30
195 557
207 143
562 492
251 145
317 343
332 550
228 309
535 565
245 270
425 244
289 242
199 419
33 455
167 219
22 347
424 423
273 96
209 103
243 173
292 176
312 222
557 211
218 298
436 3
456 71
173 111
8 419
27 514
157 24
51 22
224 396
311 136
360 331
102 182
513 164
313 554
5 230
273 245
555 115
159 25
555 268
342 207
199 514
573 36
29 204
102 340
60 437
543 266
156 490
119 61
501 15
451 219
57 378
148 246
345 16
224 10
133 471
570 37
322 555
247 313
502 92
114 349
279 245
212 255
89 531
553 358
384 164
524 353
298 473
426 218
257 399
270 383
476 37
95 27
178 576
320 91
193 570
553 353
213 347
58 33
57 381
466 372
14 22
200 446
543 378
66 332
130 431
173 141
81 441
52 342
493 499
432 176
435 81
325 221
336 12
443 20
33 227
200 349
497 274
413 499
147 294
272 306
262 136
172 181
327 521
533 480
378 225
286 552
147 146
360 413
555 220
471 79
479 307
13 579
483 226
532 254
60 478
491 126
295 253
450 233
427 232
242 495
59 256
347 221
86 90
47 274
517 49
299 60
136 25
97 48
549 50
76 114
128 228
246 58
50 231
127 215
227 230
38 203
195 159
236 255
246 153
65 107
534 201
154 460
471 207
231 561
212 27
45 234
336 514
428 373
185 124
76 248
383 308
193 501
472 11
395 446
89 394
139 178
535 54
224 91
485 272
94 37
438 256
432 161
312 261
363 219
48 358
186 524
517 436
455 282
210 88
576 149
158 86
87 512
255 163
143 265
386 11
29 145
258 269
355 403
323 97
553 232
248 244
290 572
163 284
28 58
561 352
101 2
66 436
181 173
239 283
246 217
441 366
494 236
518 307
509 463
109 577
439 527
521 410
324 269
377 537
154 219
382 63
7 88
227 491
13 315
578 205
495 430
413 36
580 480
120 109
231 129
463 267
119 383
368 129
116 128
7 560
161 565
286 61
479 434
126 442
169 408
308 265
540 578
413 504
436 298
526 291
414 154
555 367
302 368
197 299
432 239
1 182
109 440
54 502
386 250
290 295
51 544
297 176
539 186
57 484
529 396
78 521
378 220
135 357
172 102
301 238
518 322
379 525
447 262
288 319
494 78
136 23
529 30
226 391
198 92
498 527
560 182
239 100
18 319
301 26
124 304
127 64
177 426
569 242
395 457
436 326
466 550
146 262
564 70
250 152
445 109
519 62
494 256
39 29
332 456
12 339
397 308
262 491
324 171
302 266
316 137
502 239
319 414
20 358
147 159
206 170
312 92
92 276
375 518
204 6
561 342
92 259
26 204
156 365
515 563
336 185
103 488
264 206
275 496
338 504
574 469
322 36
249 500
20 421
254 557
291 471
14 324
344 33
27 83
191 113
254 554
67 88
335 187
65 320
351 53
378 350
458 132
522 285
122 144
487 270
165 19
326 320
137 260
502 318
247 275
234 539
6 52
505 189
508 303
446 573
431 136
159 545
566 182
91 421
351 172
386 458
420 337
173 195
510 142
510 7
430 293
119 472
26 528
481 505
193 302
335 309
458 124
143 270
323 105
223 89
249 149
17 112
380 14
434 288
456 137
284 428
194 4
340 154
308 135
113 401
132 554
242 266
82 37
110 15
300 372
401 301
150 61
302 492
571 98
332 218
158 499
224 316
555 404
79 518
505 266
278 85
126 249
323 429
460 244
437 230
125 294
212 404
268 475
133 96
127 231
322 212
381 175
282 322
29 239
325 205
512 486
547 277
227 293
580 323
295 114
416 254
552 28
359 387
280 223
387 326
114 108
49 203
514 94
88 150
464 335
251 327
286 214
150 143
506 259
531 272
508 421
555 101
571 134
268 105
194 181
42 131
419 215
287 272
94 316
547 404
234 548
70 45
17 313
253 449
580 171
65 550
383 216
548 17
58 561
60 42
407 341
182 224
10 17
33 220
222 541
68 396
101 253
97 283
264 156
454 333
466 306
329 102
322 190
431 30
389 521
468 186
69 179
421 497
191 67
461 145
204 146
41 425
551 572
238 510
510 291
427 475
449 87
94 524
439 72
382 575
313 504
405 339
308 263
540 373
233 227
276 174
127 237
192 412
507 451
424 129
347 539
112 167
148 561
153 323
550 188
256 184
541 260
502 230
558 416
61 231
220 548
79 555
497 218
264 246
547 43
335 489
323 421
370 49
106 254
534 574
14 102
225 127
125 179
317 117
13 401
125 152
124 92
552 279
16 380
549 352
393 197
81 519
376 341
361 152
2 474
34 574
195 151
550 305
12 66
358 327
277 482
96 21
60 571
73 173
563 339
10 512
251 175
25 24
155 6
114 168
18 101
509 435
143 162
439 187
313 265
299 116
69 343
95 97
25 485
109 507
186 260
108 211
236 567
530 392
127 446
181 85
103 531
339 222
393 129
366 159
574 64
5 71
565 173
68 291
214 135
397 64
16 442
515 68
350 430
539 258
509 39
203 93
52 333
198 381
87 267
442 157
401 125
271 318
428 174
455 106
126 531
409 369
254 178
392 255
552 421
286 195
352 351
72 233
339 456
177 497
173 555
520 20
223 438
346 143
170 421
9 154
530 457
334 175
122 425
49 388
222 254
417 37
131 37
432 388
341 560
113 493
87 185
400 386
547 409
419 289
114 498
469 25
100 166
464 57
177 507
99 374
546 409
545 164
249 470
273 9
26 3
464 74
3 533
67 487
72 8
322 13
266 446
392 116
529 164
248 308
251 322
481 288
89 309
140 137
222 550
243 535
47 37
315 36
171 307
89 226
543 331
442 438
22 378
288 112
384 349
499 258
568 103
151 460
472 71
277 9
91 268
162 537
14 100
545 179
379 139
15 327
572 188
225 333
237 448
512 350
172 403
34 56
508 283
251 461
241 574
80 522
279 256
200 508
549 413
23 310
381 531
393 495
96 153
251 34
384 396
335 300
96 446
396 86
358 344
83 158
158 113
357 174
169 344
375 449
162 44
352 485
500 270
283 548
399 563
143 559
275 448
446 357
463 247
246 201
365 252
148 459
353 388
486 488
184 315
484 323
193 469
187 550
188 495
119 392
266 57
57 97
262 457
535 580
232 28
85 30
211 550
59 472
563 149
399 463
196 518
233 426
433 422
207 412
124 130
465 468
93 71
7 532
120 90
384 395
285 313
476 359
373 234
184 377
572 33
425 470
196 277
65 288
329 35
383 165
239 117
20 252
322 139
568 563
524 35
73 268
509 445
410 228
355 121
153 200
507 197
340 220
415 115
567 73
421 316
274 383
288 574
289 239
439 51
151 48
493 8
482 392
503 430
498 46
529 460
31 482
175 187
160 54
162 553
287 541
443 427
522 114
385 286
147 278
291 306
124 457
537 195
412 199
312 202
477 65
210 501
104 530
488 465
458 172
28 224
563 31
489 342
106 249
39 70
194 226
410 7
246 233
458 364
517 477
53 541
227 131
79 490
362 75
501 295
248 273
60 367
252 97
472 421
558 61
100 164
327 510
274 346
428 553
26 93
86 345
439 537
71 274
388 412
218 346
394 562
61 568
543 554
267 117
422 80
537 449
413 117
190 27
65 143
329 227
130 189
394 432
21 508
19 466
257 248
397 28
329 358
315 517
499 201
548 352
383 525
346 148
36 409
368 578
504 361
193 75
311 157
114 526
459 173
453 375
25 224
495 77
548 274
463 170
116 284
537 232
381 513
262 199
438 275
350 218
558 415
129 482
334 89
311 523
166 117
177 328
103 280
294 414
365 491
437 465
317 72
334 548
228 56
49 357
513 554
360 286
37 336
161 182
561 468
41 150
331 417
79 475
183 426
25 251
224 116
501 480
387 306
346 486
420 225
213 296
272 473
267 272
120 440
580 274
412 377
517 438
2 24
390 299
268 419
187 475
423 255
239 559
166 463
161 348
199 229
99 119
197 160
117 477
17 181
509 137
71 321
36 195
379 274
322 123
395 18
559 267
400 369
53 117
469 188
538 314
494 62
111 395
307 181
288 79
540 419
389 381
345 472
418 124
266 234
280 327
230 205
429 114
82 541
274 12
192 279
262 480
129 477
410 403
298 413
251 468
68 534
164 71
87 132
566 219
232 387
573 477
305 566
341 232
315 533
471 216
516 465
532 65
477 349
495 565
499 162
305 497
449 331
213 337
464 227
473 400
437 33
39 37
225 419
498 438
57 274
310 504
319 397
217 145
469 393
145 166
516 285
551 421
438 538
470 473
165 89
483 111
109 390
203 459
41 499
450 297
185 168
187 13
484 292
33 181
355 473
204 340
156 448
249 491
393 351
378 111
89 455
9 464
470 504
286 577
482 263
531 323
294 438
505 433
351 467
393 244
193 97
451 228
218 236
572 239
453 46
393 109
342 570
564 532
511 154
26 466
223 476
408 172
479 82
385 155
441 291
411 202
425 48
277 114
532 191
44 171
290 409
383 415
319 431
37 143
159 17
59 225
306 453
508 257
371 109
76 273
140 415
489 369
60 474
235 49
373 149
372 108
49 333
331 145
208 94
432 555
300 269
410 368
421 473
550 562
252 156
520 450
60 296
209 261
280 190
382 54
188 109
524 104
203 529
23 190
341 293
142 169
285 241
395 408
290 199
420 197
469 324
264 154
394 462
468 238
416 26
482 292
343 448
196 348
440 500
451 272
272 221
485 417
541 105
145 332
216 176
116 520
190 343
160 302
446 342
236 491
210 200
285 538
248 299
275 143
504 258
106 267
347 136
74 149
220 118
93 84
165 239
419 2
206 113
41 373
515 404
46 276
66 374
548 457
133 535
230 358
523 305
497 412
331 173
329 378
138 172
385 119
236 179
96 272
167 444
37 221
77 391
98 489
540 132
236 253
523 125
46 358
452 335
69 106
77 92
247 105
40 240
147 281
4 398
122 166
470 292
472 78
36 455
356 90
28 305
560 179
435 300
52 546
501 237
101 42
77 393
532 549
218 398
6 336
114 496
455 267
240 536
396 262
536 78
446 206
104 106
551 17
214 421
120 136
33 308
400 25
223 349
172 167
316 59
242 23
483 221
192 25
