514 36 387
128
490
108
105
13
194
220
181
268
215
63
240
75
290
388
67
497
415
354
129
444
510
488
189
377
324
502
353
171
152
7
449
109
429
285
356
288 112
285 504
222 148
150 55
269 314
251 210
233 49
38 226
15 76
174 305
71 170
419 393
345 87
61 454
463 260
49 348
263 30
476 247
121 383
155 512
495 374
478 221
255 368
368 222
71 382
434 257
52 503
47 58
288 176
482 89
122 257
87 17
84 32
31 513
52 181
177 358
21 180
331 166
144 166
347 159
461 311
1 156
187 462
119 485
6 232
53 96
60 33
274 202
391 364
210 162
405 166
500 14
55 97
474 401
463 238
116 407
459 36
459 267
456 92
36 166
308 158
200 434
83 255
373 164
399 167
110 132
221 131
367 475
166 6
336 244
58 75
476 200
486 109
232 411
74 282
277 471
23 164
248 225
381 188
130 135
294 319
297 105
312 1
223 492
383 25
235 322
132 41
291 173
127 7
266 281
223 396
377 445
106 488
195 181
2 382
278 40
77 308
124 238
358 141
24 72
168 257
387 438
307 337
15 434
371 466
228 421
244 113
284 402
291 455
4 134
4 497
71 493
258 384
34 185
472 74
302 257
259 295
221 291
23 259
26 229
415 319
185 376
6 208
413 249
490 412
480 160
376 161
390 400
360 441
337 460
369 431
234 257
340 204
285 365
69 198
342 440
209 98
297 92
32 473
511 50
282 333
240 234
234 262
304 32
4 273
28 369
189 145
456 309
154 411
149 212
455 137
489 55
229 435
318 19
489 89
259 422
169 80
123 317
70 365
61 16
444 63
42 14
106 17
451 488
228 257
289 473
150 482
155 256
406 289
363 293
425 138
386 308
449 68
217 277
260 259
176 187
352 300
208 302
421 151
182 299
98 309
270 240
412 467
33 163
450 244
97 219
151 182
17 6
468 375
441 279
138 351
110 455
190 271
218 25
203 358
253 92
461 460
38 468
193 6
397 167
228 286
483 342
206 349
14 302
262 441
513 355
491 325
487 52
181 434
178 434
343 239
45 258
78 70
439 324
219 275
357 434
433 348
408 221
495 276
359 91
74 135
34 329
493 349
430 375
465 494
59 319
80 455
262 19
147 18
433 192
158 324
304 368
173 70
121 495
359 109
473 128
151 358
33 92
380 112
301 394
292 405
394 177
294 318
399 265
338 263
417 157
284 147
209 157
432 56
466 332
171 302
411 180
17 86
54 416
475 460
10 359
54 203
82 132
466 422
194 239
51 17
314 451
188 21
442 99
480 92
61 493
217 140
269 296
116 206
119 473
231 16
147 203
514 503
387 159
447 393
260 258
186 110
97 414
231 326
462 158
49 265
459 463
238 298
15 113
7 442
149 262
119 311
121 366
474 179
359 425
276 324
437 308
309 204
347 68
455 313
463 292
407 479
70 162
193 312
135 352
126 156
153 103
419 201
510 152
195 104
267 348
125 457
108 294
449 214
456 300
69 508
141 385
236 27
111 140
480 323
238 97
144 170
40 227
211 491
247 357
333 213
318 99
377 91
167 312
357 213
86 104
362 507
21 10
514 258
391 502
341 40
381 505
138 461
79 70
455 122
289 421
374 166
197 338
509 470
157 305
117 224
166 142
404 178
334 240
111 381
228 226
232 202
116 100
482 202
19 271
367 421
250 447
492 502
123 82
226 294
514 416
417 369
172 496
471 158
415 17
462 18
253 374
447 124
414 226
409 193
374 131
192 449
261 271
371 263
295 481
177 426
337 23
167 296
339 70
284 67
415 291
219 482
510 58
91 258
444 111
206 295
338 265
115 285
261 105
18 251
328 46
484 29
