683 33 1730
275
674
579
564
76
2
169
206
557
200
66
545
294
609
597
392
510
566
410
628
180
662
283
560
331
264
507
412
34
223
245
230
193
34 670
76 289
666 148
415 646
576 518
621 602
488 430
47 157
517 268
567 97
489 68
274 153
10 558
617 164
306 566
618 334
48 294
170 461
30 342
282 471
162 514
469 283
80 477
582 86
325 550
640 465
590 428
296 575
138 539
51 6
175 434
71 89
205 162
246 207
210 3
611 173
543 269
548 680
139 290
626 118
659 414
18 572
246 50
63 153
198 648
475 380
395 598
130 155
463 606
55 145
474 129
23 566
589 321
659 377
10 241
300 110
251 575
8 553
447 178
676 345
211 307
672 382
480 146
678 199
546 442
183 77
52 257
548 145
95 193
614 554
396 210
528 17
526 12
567 644
6 96
83 435
593 376
440 566
191 435
66 354
512 601
656 388
111 195
151 449
247 420
657 96
147 509
484 231
456 641
192 266
89 41
52 658
582 109
249 461
510 158
223 64
27 154
528 592
508 409
156 497
83 582
654 305
569 123
427 130
431 336
406 442
309 218
389 504
203 259
607 502
302 622
210 133
197 45
495 373
462 392
606 98
169 220
666 614
273 314
564 565
80 236
620 468
145 642
181 332
586 31
414 505
350 10
202 554
460 434
206 292
468 429
555 545
210 667
245 130
421 90
136 49
492 62
624 316
165 301
340 131
620 43
44 564
408 559
551 189
1 131
376 57
237 457
86 207
251 410
363 104
248 127
522 60
675 170
147 41
466 438
253 495
577 531
195 328
403 81
437 82
230 584
188 5
551 49
384 434
230 665
316 137
463 324
487 220
14 255
212 503
29 641
621 359
497 640
463 647
231 251
227 243
228 450
112 330
39 396
282 618
423 115
10 502
92 241
282 296
542 679
528 380
77 618
349 192
127 520
476 364
486 260
237 47
211 446
157 302
467 567
217 479
187 309
356 216
611 228
491 249
19 534
13 427
503 520
119 224
525 264
544 365
473 517
190 64
316 375
614 169
517 120
395 371
110 227
62 658
532 506
549 202
626 362
101 575
87 354
111 489
465 54
206 508
458 664
188 658
153 522
353 419
193 404
246 115
197 342
106 143
466 236
36 383
570 649
674 433
271 184
167 126
136 251
228 355
592 626
540 390
13 227
660 440
75 276
417 260
557 575
488 281
2 410
207 159
554 197
478 471
311 252
178 634
443 108
647 600
136 373
81 270
183 54
507 341
483 383
88 9
241 640
607 361
537 437
37 608
675 17
220 496
244 679
618 153
667 484
386 21
580 648
179 262
587 141
365 130
553 332
345 217
555 208
620 572
70 499
7 600
383 303
409 674
115 494
609 15
43 186
584 445
409 673
646 581
50 533
517 553
426 41
532 616
498 568
140 366
243 476
506 394
548 452
120 266
627 575
177 679
172 160
109 555
519 237
63 240
10 375
132 197
496 410
561 148
330 673
73 191
440 535
231 544
573 177
96 358
572 75
105 478
454 171
676 508
660 313
315 40
258 301
134 674
255 532
571 191
364 96
400 289
669 511
177 465
151 323
11 414
365 30
346 438
555 240
31 626
382 294
570 181
102 183
448 635
628 85
362 368
120 480
183 334
609 384
209 187
133 575
188 132
98 555
384 324
644 366
260 519
649 452
627 535
600 546
397 26
424 94
484 122
486 173
77 167
390 185
107 659
549 498
273 621
631 441
323 239
632 176
162 406
634 367
602 465
460 7
97 466
382 290
619 116
530 403
683 629
390 4
136 152
286 431
635 573
481 33
246 266
37 497
391 32
226 274
654 157
503 482
310 511
592 306
659 527
261 182
407 328
480 122
409 209
171 180
609 444
312 508
528 585
344 462
641 526
650 164
492 253
650 103
558 463
540 377
676 435
248 318
141 154
18 265
32 232
13 217
556 130
453 567
264 373
617 85
377 535
167 108
136 463
677 217
148 314
112 425
587 309
654 175
253 165
578 34
239 342
363 206
170 488
464 599
101 156
431 156
507 318
345 616
454 142
550 669
233 81
20 551
105 579
636 422
216 121
360 157
455 275
206 600
566 172
638 448
265 75
32 515
678 421
182 581
221 298
425 474
163 593
82 64
171 224
58 100
2 569
656 523
317 356
241 288
147 153
533 430
366 52
361 553
555 86
603 665
309 429
79 241
628 414
341 146
314 492
124 43
265 348
570 650
571 553
128 165
444 11
340 187
25 158
605 363
445 126
270 150
644 191
264 400
624 660
621 554
25 485
68 476
126 87
123 120
54 498
446 131
327 262
608 627
331 295
222 5
481 314
578 172
92 284
537 156
571 388
435 51
154 96
364 518
625 412
292 651
291 660
673 328
678 267
330 534
677 640
417 187
543 291
540 268
550 533
141 466
94 556
224 547
127 274
25 470
153 30
240 380
50 285
384 29
98 468
448 423
71 435
662 624
145 270
555 414
19 430
482 455
555 582
540 252
644 538
605 359
615 72
571 270
501 445
177 229
187 682
334 385
233 382
141 111
643 386
319 287
61 639
151 108
600 567
567 322
557 577
12 133
570 375
274 499
492 508
363 232
390 393
673 456
219 176
510 167
333 212
534 155
545 283
163 603
343 147
557 103
303 677
302 396
43 322
601 427
495 493
264 86
555 164
647 682
282 87
673 672
544 486
201 281
430 486
410 157
447 439
71 635
214 585
402 373
302 152
19 629
383 490
641 34
446 379
34 632
157 215
380 548
463 401
98 304
418 81
110 74
233 662
53 12
28 106
352 255
124 353
510 258
96 450
641 338
210 345
101 170
192 444
293 412
445 583
426 656
450 327
446 167
339 320
606 318
364 437
335 165
78 267
558 421
678 302
424 281
553 308
6 15
60 668
399 169
472 93
40 585
246 365
333 302
476 446
371 411
421 361
149 648
548 311
649 657
516 43
574 89
561 324
151 547
374 341
435 254
348 104
406 216
277 466
582 224
638 643
162 519
283 224
325 99
606 589
624 241
67 57
424 566
144 324
61 420
185 158
309 204
224 118
618 437
98 386
193 617
666 202
575 551
19 574
421 26
256 112
34 355
421 572
44 650
264 37
344 454
35 244
294 191
664 630
85 385
623 223
92 321
228 134
23 316
553 89
100 419
402 38
314 201
476 225
416 441
160 19
496 612
662 223
138 76
150 305
361 246
23 300
329 317
429 329
606 661
16 491
278 66
384 290
133 382
560 182
626 44
498 74
67 9
558 293
169 488
117 321
485 319
257 674
142 653
293 18
465 584
384 75
321 614
440 425
393 522
273 278
216 319
276 413
203 410
158 303
572 578
142 216
43 317
407 518
363 587
562 117
242 56
238 61
588 565
190 523
116 177
583 524
215 174
631 629
257 668
249 433
127 564
196 130
113 398
505 665
9 646
613 395
135 444
80 163
678 77
271 404
312 558
549 2
74 459
147 123
302 282
514 609
307 54
588 557
145 526
634 652
48 420
248 352
202 132
511 238
146 597
350 576
1 223
566 307
553 197
108 133
527 542
224 573
361 451
57 59
465 461
666 209
328 508
68 32
136 44
443 379
584 39
202 245
160 655
461 223
97 88
181 31
525 173
8 336
328 683
515 410
359 555
428 509
422 359
17 497
270 419
131 279
280 290
255 308
109 423
159 489
375 671
147 596
219 18
642 177
493 368
636 181
621 481
98 487
528 342
413 241
496 176
639 199
99 359
510 174
248 406
7 470
656 575
447 236
327 553
269 300
506 453
84 97
60 213
11 212
98 212
501 208
370 671
490 410
90 46
385 282
621 442
477 367
501 446
490 498
612 215
55 471
207 179
512 215
90 424
627 466
419 549
483 334
271 67
545 183
78 355
68 4
41 146
5 469
675 212
351 676
311 529
497 170
198 460
338 403
636 521
278 174
496 189
286 507
433 594
278 237
515 47
128 351
291 238
623 470
412 514
143 320
516 284
192 217
553 166
249 516
6 23
409 141
177 165
626 462
216 272
435 272
193 370
149 23
219 53
302 655
413 264
669 277
428 261
661 369
574 207
271 289
272 642
254 200
56 220
551 331
419 611
491 361
5 595
156 94
20 630
591 217
282 174
34 282
480 109
517 571
669 513
508 553
127 282
111 407
369 223
341 572
3 202
36 393
193 140
491 596
405 65
259 270
49 666
533 637
340 457
270 57
393 141
476 95
490 97
572 329
204 241
450 23
178 195
494 37
648 229
531 429
104 37
136 295
148 333
223 152
267 262
313 143
603 225
199 49
283 105
95 558
114 235
60 331
100 26
192 82
102 243
481 135
201 387
417 341
148 305
124 422
418 682
352 23
661 118
441 194
218 31
286 572
78 27
277 475
291 346
524 104
163 512
91 63
317 658
124 681
127 268
194 339
313 442
664 60
64 516
654 500
57 150
148 312
407 457
128 618
596 410
378 594
106 511
644 450
681 504
588 370
191 25
204 260
59 233
316 272
469 682
201 265
299 378
141 23
492 613
598 652
660 516
104 326
545 22
491 223
364 65
159 176
42 491
320 416
567 241
635 130
138 327
545 202
55 208
307 102
439 104
331 65
178 641
357 241
410 279
245 627
624 71
175 25
481 222
141 424
479 477
51 284
187 335
389 73
273 419
539 63
648 301
405 571
419 229
500 522
568 368
643 664
366 439
380 155
25 18
99 172
189 422
603 580
168 646
143 627
137 593
46 632
340 144
149 9
220 381
398 407
287 264
370 630
476 464
520 341
575 254
156 369
122 59
336 200
87 665
484 161
159 8
656 358
191 181
16 148
429 246
278 373
487 503
328 370
431 496
601 282
585 393
157 167
521 583
444 220
453 613
641 383
262 342
458 518
640 252
588 347
5 361
539 17
247 447
556 315
640 393
73 196
638 66
153 250
492 578
514 247
82 484
613 130
232 521
222 193
213 12
513 583
353 194
623 568
311 310
387 47
265 444
437 463
82 656
626 294
305 53
242 354
438 444
19 101
653 547
108 673
455 192
85 328
27 503
283 101
525 186
535 590
403 440
392 636
463 493
168 313
525 267
127 46
365 54
261 72
602 561
30 278
340 182
435 26
633 228
390 192
371 458
92 552
436 79
79 189
543 96
661 22
623 561
616 165
124 370
349 87
393 235
250 360
29 657
397 331
448 394
150 90
657 178
98 47
25 12
513 666
395 111
428 223
677 20
564 15
525 162
226 554
165 343
219 280
621 145
339 405
486 266
474 248
11 569
621 198
129 603
67 454
39 620
574 159
609 41
183 459
644 67
257 252
523 99
495 512
271 284
501 289
267 659
263 519
453 377
309 371
220 472
258 673
112 355
79 282
614 343
617 571
160 625
672 133
506 16
91 513
507 112
660 253
63 101
381 72
329 104
174 98
137 193
496 86
412 147
589 181
214 13
651 178
128 542
672 386
332 73
249 655
159 602
632 191
402 95
29 443
6 241
505 672
370 219
359 476
138 156
280 591
13 373
226 126
22 490
565 348
393 433
513 247
164 315
265 274
212 395
459 123
595 54
442 365
353 74
552 683
193 37
149 266
681 52
290 545
672 144
46 10
404 528
292 201
442 591
512 253
34 549
408 219
566 620
15 571
298 22
66 682
23 583
669 287
384 353
2 75
10 497
665 146
158 184
199 426
256 363
370 503
143 411
29 511
406 125
597 432
419 26
348 540
336 376
388 671
173 329
552 58
225 4
460 605
233 669
571 428
519 101
666 237
464 654
351 171
158 191
239 456
601 546
341 414
327 364
383 439
164 353
552 11
229 74
274 484
60 518
565 661
215 600
561 531
112 640
222 308
245 303
120 342
215 185
464 548
361 282
627 346
354 349
163 5
661 304
385 640
160 134
269 145
314 95
510 3
566 448
551 491
66 346
286 130
439 206
401 62
414 540
409 105
476 376
89 121
139 575
330 458
110 19
629 243
451 485
452 562
383 123
102 365
455 498
607 349
482 104
123 188
615 222
470 658
590 620
57 183
237 484
355 374
339 250
523 578
64 481
510 474
449 109
647 193
162 503
322 549
9 175
601 367
460 651
43 330
580 35
314 639
273 618
579 79
93 396
280 661
516 145
117 426
591 9
47 279
96 460
173 356
535 666
615 377
624 99
481 570
149 332
278 309
627 243
445 668
187 108
563 223
489 327
244 499
418 514
509 392
122 566
509 440
505 279
329 159
309 6
420 230
286 543
286 674
609 134
159 683
215 242
606 347
496 362
225 617
7 636
116 157
581 86
55 265
501 346
400 19
477 632
587 437
463 638
231 504
397 411
502 534
277 453
438 580
577 640
361 640
510 249
658 464
372 70
177 568
348 445
85 113
229 161
131 539
619 22
10 162
5 95
554 70
202 668
352 325
519 586
353 125
315 231
217 464
144 356
611 340
65 546
229 569
628 134
51 17
488 152
439 66
35 447
161 64
600 443
79 439
207 511
527 123
522 109
1 569
672 332
295 411
333 571
159 424
483 4
121 188
471 514
172 146
236 292
228 265
325 682
618 112
113 519
298 447
466 238
543 463
486 520
571 619
457 522
602 22
305 90
208 214
311 49
59 621
451 205
553 570
235 181
677 664
83 641
237 346
241 117
4 62
32 455
557 88
44 164
61 88
617 442
97 31
598 57
295 133
501 14
562 181
359 659
169 446
481 104
483 440
58 651
102 146
11 18
66 16
30 604
127 337
403 302
155 505
576 148
170 382
670 242
296 127
374 456
544 400
182 407
544 7
225 216
373 496
526 44
21 242
49 361
281 33
69 309
21 592
128 453
514 2
406 277
635 88
188 322
628 552
678 156
96 203
192 121
609 422
302 418
38 540
459 243
683 111
68 601
251 352
283 415
136 457
246 315
283 417
351 429
662 616
218 67
47 476
54 645
179 158
372 244
551 211
298 240
95 505
491 520
263 606
369 432
322 273
630 488
66 239
207 444
85 583
386 638
531 197
521 60
629 293
99 76
662 476
46 587
536 619
289 72
465 558
94 539
520 407
480 136
627 516
174 463
640 301
618 332
520 398
237 351
539 239
251 149
92 624
80 150
437 430
277 89
500 151
646 449
595 83
253 659
400 485
141 397
551 387
330 631
682 141
316 480
79 600
127 177
80 155
169 681
169 191
31 290
88 368
627 663
265 600
26 510
236 650
482 290
147 108
167 624
121 502
499 626
633 623
610 321
183 440
655 434
319 408
359 27
509 316
566 285
456 347
512 572
652 445
259 589
331 584
436 443
14 489
304 400
612 668
352 81
27 114
183 268
557 493
120 576
618 458
313 568
228 317
602 31
432 405
205 564
202 310
193 653
360 131
682 491
280 602
119 581
256 406
148 520
159 408
15 647
329 225
531 330
88 1
170 629
183 37
595 24
249 340
409 538
331 458
336 88
368 60
651 38
410 7
209 170
427 39
646 346
502 513
155 497
566 272
459 601
448 228
307 164
10 271
579 379
519 655
169 79
153 61
2 249
593 49
49 635
597 61
255 644
588 375
118 63
263 79
224 202
112 580
349 358
610 381
579 480
50 90
344 200
132 220
128 315
539 92
390 374
534 316
301 161
20 458
650 65
553 393
377 525
251 632
269 495
563 228
294 388
528 602
194 124
191 17
65 80
255 434
375 115
471 23
396 419
410 211
185 571
538 138
77 209
551 513
8 459
22 436
266 493
335 54
196 285
472 363
381 620
470 161
262 606
396 604
310 247
172 295
437 475
106 680
599 517
255 316
486 15
584 665
473 307
303 413
592 628
296 557
268 40
581 230
221 275
380 524
329 644
103 680
494 502
629 501
560 430
639 384
676 491
260 421
529 658
186 330
37 645
69 201
86 261
294 542
244 416
83 589
516 303
172 429
443 160
16 674
312 509
97 676
513 333
500 65
528 659
376 349
