745 42 400
58
120
339
732
59
372
194
562
384
302
115
65
343
376
500
629
293
125
41
31
189
102
72
556
82
485
474
42
582
149
174
221
364
597
695
704
488
142
53
27
557
421
376 478
647 741
302 472
281 525
459 610
241 315
204 213
646 611
600 437
331 222
61 535
339 277
131 380
289 549
350 592
392 357
377 645
669 429
139 741
653 386
171 337
279 414
529 18
152 217
191 194
143 695
654 42
396 648
607 618
27 525
224 178
387 273
100 54
44 554
589 109
113 17
203 641
573 609
279 190
552 731
71 409
8 480
516 283
333 87
528 280
233 140
159 18
297 360
368 555
533 638
355 517
605 617
431 358
547 706
65 230
36 557
471 438
176 633
185 100
727 44
109 687
415 608
156 202
535 521
362 712
7 464
49 228
648 361
286 177
126 592
310 105
655 220
393 83
343 668
124 206
262 414
170 657
617 192
63 529
594 418
136 392
536 349
706 78
714 250
621 81
245 681
628 29
264 258
369 16
545 429
8 356
367 335
298 341
591 69
620 39
482 605
223 88
519 655
122 37
251 718
70 346
223 188
9 162
450 159
712 143
216 433
288 636
698 425
720 415
586 131
378 230
111 400
726 356
38 352
172 283
85 123
87 364
169 657
308 44
490 389
55 730
724 475
672 304
678 427
651 534
481 59
611 288
412 22
672 389
247 79
495 552
351 4
699 714
275 33
655 697
596 560
272 338
460 728
685 75
175 501
31 444
90 73
429 314
668 405
503 128
665 291
308 500
99 210
184 529
445 130
166 365
126 65
321 418
263 554
458 632
205 1
447 444
576 273
6 121
39 243
37 161
392 652
293 236
364 59
276 286
250 522
11 134
649 162
419 727
659 113
172 397
313 557
106 326
124 436
321 485
695 584
300 21
573 178
567 680
577 205
229 118
542 620
492 110
693 40
690 345
488 52
88 273
192 423
238 481
405 453
236 705
634 11
466 567
449 267
650 222
119 443
488 108
18 707
606 541
165 2
741 535
579 179
387 36
85 468
713 12
218 21
612 505
214 138
221 127
269 370
416 587
610 541
532 448
383 486
320 110
26 157
446 596
489 709
312 554
615 21
697 512
222 119
712 222
334 444
571 56
324 211
502 740
245 488
165 665
186 277
593 121
90 579
729 249
610 412
125 496
519 274
120 179
374 297
481 684
220 677
25 727
132 235
691 262
228 302
521 234
323 253
73 468
599 612
425 294
59 557
470 579
689 628
309 342
325 632
323 387
739 327
431 217
224 270
257 20
188 260
129 256
502 189
373 60
410 676
485 172
450 685
589 616
444 269
401 48
288 82
351 412
408 701
505 145
281 46
729 50
64 382
301 379
136 262
426 191
218 459
386 493
316 307
379 87
65 308
75 268
30 313
62 300
160 487
547 286
436 603
272 531
599 62
591 623
455 703
599 628
11 103
169 72
6 213
582 381
455 554
566 220
296 388
654 172
541 531
398 656
574 81
310 129
640 672
452 672
548 412
45 710
488 476
227 62
350 450
498 428
547 184
648 682
561 92
448 303
17 208
729 105
34 610
462 291
408 170
564 285
130 499
226 26
698 164
170 363
187 458
323 487
413 486
20 192
296 649
506 554
256 386
669 145
500 7
723 370
158 617
136 643
739 617
377 321
51 312
601 371
112 278
141 342
558 651
244 126
318 231
27 12
96 387
620 536
471 70
175 179
644 393
323 695
19 360
483 249
532 36
120 336
732 609
151 621
307 411
354 176
262 568
525 373
227 363
688 472
443 639
43 297
532 285
341 570
696 282
429 209
112 490
606 645
639 534
115 504
92 448
401 181
253 51
224 741
630 263
572 151
344 246
107 744
619 382
718 116
419 549
69 531
548 485
492 199
14 232
452 399
157 596
237 503
458 58
120 482
286 311
