790 3 321
757
321
611
533 113
649 690
732 93
495 135
213 522
721 498
390 187
431 145
754 691
13 462
144 31
332 591
683 66
417 784
363 13
472 690
254 480
104 450
109 198
42 639
101 407
467 628
191 44
94 151
788 72
283 599
370 191
328 88
12 208
138 772
338 61
280 642
765 185
724 465
226 324
216 323
284 336
331 5
322 333
439 320
256 508
771 338
343 494
702 743
371 80
494 497
628 328
710 63
283 587
527 562
270 280
546 70
247 378
138 729
220 297
553 519
767 485
187 193
754 417
416 535
664 247
166 409
486 726
250 158
721 283
281 502
17 113
268 450
383 420
553 450
771 171
275 10
751 369
476 448
622 145
316 354
686 12
615 371
403 579
420 778
605 490
11 276
738 80
167 64
781 684
531 719
456 737
570 23
128 476
711 363
714 137
638 95
262 11
773 635
355 471
547 363
767 286
273 216
545 55
282 280
574 415
143 601
48 633
522 654
271 66
659 562
599 44
236 91
563 283
145 3
604 599
331 659
422 425
725 89
771 755
345 37
35 449
104 657
742 170
185 422
773 63
25 760
262 177
658 375
432 385
747 200
473 640
95 79
71 755
525 658
428 46
8 490
356 692
261 125
331 474
701 639
383 763
478 560
603 788
375 100
373 604
425 51
133 477
581 327
691 578
89 382
695 256
5 766
213 156
511 570
630 247
197 522
261 80
117 697
72 74
449 479
109 664
389 179
234 224
68 404
180 259
465 220
126 153
128 184
722 464
129 68
640 769
627 541
254 79
517 462
28 789
268 329
426 402
277 22
442 6
357 696
83 731
77 648
96 605
537 345
231 377
751 408
418 446
101 489
436 593
523 122
554 691
558 332
199 634
230 461
143 314
140 213
124 410
235 381
192 67
20 592
265 733
787 71
396 491
293 197
662 499
280 242
651 513
127 311
419 380
144 284
586 369
519 647
505 665
771 786
133 438
549 647
202 261
178 19
390 538
745 309
256 246
138 388
78 263
594 329
675 790
89 182
759 186
160 238
72 562
596 662
119 551
69 281
29 132
774 435
364 453
301 319
696 630
723 774
73 511
595 559
116 558
440 538
487 209
722 9
340 640
379 153
203 370
74 389
358 563
395 41
153 32
244 268
16 646
653 227
325 164
759 701
78 288
778 564
178 380
225 248
260 447
91 587
452 59
345 591
291 154
591 89
190 228
141 263
696 710
588 576
327 409
477 534
368 542
375 326
656 556
393 421
106 711
246 411
297 531
289 219
442 75
165 506
153 41
11 369
533 624
495 126
312 44
745 449
31 759
343 788
184 550
179 639
589 408
663 745
693 721
20 160
256 772
17 532
294 499
16 405
732 44
283 237
106 337
784 104
219 43
206 563
299 311
533 686
82 597
164 25
102 381
746 707
506 630
505 339
29 655
182 190
286 121
562 321
654 777
487 503
286 542
402 589
726 337
108 530
266 352
