790 17 220
194
530
620
305
17
12
103
440
460
143
10
302
210
136
593
441
572
522 597
638 634
763 97
742 381
587 251
441 388
440 521
413 112
284 326
396 591
279 199
116 466
509 213
17 34
144 611
739 356
371 120
760 504
99 708
606 122
162 114
666 548
450 528
680 101
654 226
20 436
768 615
712 459
386 703
504 161
692 36
457 85
734 61
344 329
450 213
639 55
243 503
641 464
468 373
2 395
531 674
88 351
399 420
65 67
577 582
155 630
257 508
745 756
116 695
470 66
762 444
759 240
415 770
459 54
327 196
79 524
628 23
43 631
355 600
106 151
556 587
26 508
730 303
733 764
626 21
10 302
572 725
269 713
156 193
772 426
662 138
436 37
212 679
388 615
530 644
475 685
542 510
686 610
504 114
516 2
523 217
166 2
370 456
701 151
388 144
13 184
691 307
767 188
441 711
113 384
783 346
634 388
63 345
723 319
686 81
26 774
582 643
296 238
770 481
242 548
269 87
303 302
491 606
259 144
180 687
334 219
787 11
680 39
785 757
685 703
506 503
87 345
537 100
275 719
553 433
379 482
665 656
209 249
418 259
599 327
636 610
274 510
104 227
241 550
472 787
531 265
570 649
595 707
151 217
80 464
682 551
249 568
762 225
332 326
768 539
75 535
127 418
554 537
110 199
27 479
704 220
353 98
406 153
244 264
18 116
157 514
145 714
207 38
315 727
126 326
23 251
568 251
173 134
716 194
716 749
697 334
434 519
773 507
146 750
258 726
211 9
495 74
359 73
62 378
508 333
613 385
206 233
302 401
363 704
777 510
459 52
554 138
116 555
740 114
619 531
594 727
221 140
475 284
671 29
715 789
119 584
615 187
101 621
782 426
591 774
482 454
375 358
633 487
597 214
248 456
482 109
425 311
69 137
99 754
492 328
579 97
670 281
424 15
282 582
67 228
434 257
135 88
214 256
324 255
74 210
646 458
306 214
504 456
348 565
364 537
673 632
644 503
128 281
104 179
573 392
215 532
755 726
267 303
655 17
737 190
