545 4 145
110
136
278
134
429 496
256 21
198 453
346 261
334 461
461 367
10 237
467 132
249 55
339 8
114 154
116 369
461 393
380 476
225 333
42 360
348 79
217 428
545 526
509 49
138 219
318 256
388 198
296 110
544 131
165 64
434 217
407 191
122 116
495 237
371 117
430 426
166 317
439 408
351 212
139 94
12 457
386 75
461 65
349 336
478 492
98 19
233 77
256 38
88 44
106 389
398 44
260 312
442 154
429 460
513 174
544 318
533 323
338 33
215 416
53 275
161 129
291 304
436 545
364 389
298 503
394 502
77 199
36 432
479 423
334 88
36 478
329 82
109 507
507 295
184 513
530 46
71 522
289 7
184 361
540 106
357 127
57 10
462 413
321 222
377 280
425 108
185 39
541 387
81 235
6 408
261 402
373 512
311 383
228 118
355 131
257 320
507 263
347 457
238 198
416 321
103 352
425 539
43 13
533 119
97 188
42 274
288 160
212 243
472 302
353 5
304 152
541 233
451 124
97 129
266 432
409 340
31 134
521 215
445 522
197 448
539 181
382 259
409 121
44 514
211 366
308 436
158 187
74 13
455 100
170 69
89 37
491 67
277 273
201 96
301 273
163 183
183 300
520 103
504 242
329 122
37 404
87 539
71 486
97 377
70 85
524 18
139 172
498 261
231 440
