594 169 1773
562
122
240
572
353
43
155
555
200
177
220
439
28
179
587
495
168
380
466
73
280
227
252
191
114
299
248
25
101
232
322
174
239
285
59
519
442
538
477
308
401
76
185
407
437
317
492
414
532
254
405
116
330
171
591
230
211
258
457
382
204
371
557
102
545
352
120
290
12
426
266
134
144
565
22
273
94
40
54
262
112
249
589
278
71
571
358
329
328
255
233
283
69
336
108
404
421
184
327
427
434
366
341
381
417
20
567
452
261
359
169
349
8
332
157
293
331
274
462
214
522
443
218
520
272
487
13
387
478
195
9
438
422
217
386
11
428
445
494
546
98
275
521
216
267
315
588
246
175
311
323
53
213
384
202
66
360
340
150
503
552
264
377
7
501
192
123
525
300
481 432
300 582
209 255
88 363
42 384
423 533
135 96
95 236
542 140
411 266
297 353
74 420
281 278
505 279
80 466
42 453
407 146
298 377
265 421
266 535
435 381
110 331
61 12
40 25
349 188
36 576
308 425
13 484
503 158
489 141
378 457
524 310
349 224
593 83
128 265
65 250
434 336
88 272
376 182
432 100
288 237
238 469
393 312
180 206
400 539
22 57
582 162
563 231
95 288
290 280
176 474
172 377
240 40
312 267
358 482
504 207
213 514
104 105
526 72
393 252
210 543
353 474
366 314
218 224
403 88
497 223
49 137
18 526
242 281
461 177
575 159
462 46
25 77
376 299
30 1
84 118
465 185
563 19
17 552
525 63
188 294
157 26
371 478
468 121
513 194
156 40
8 571
454 463
216 296
473 54
353 283
429 318
435 96
141 483
181 5
107 340
490 453
65 182
106 229
488 203
469 203
283 499
25 239
269 371
89 526
202 515
364 95
444 466
181 536
490 526
94 483
250 296
261 104
378 390
530 230
458 547
474 235
221 132
448 211
398 35
38 437
252 267
505 215
166 54
54 125
45 141
511 142
385 585
422 205
303 301
373 455
32 468
1 146
394 142
591 427
535 110
318 436
474 178
13 284
228 333
42 15
416 123
253 245
493 336
450 385
119 499
220 271
158 316
514 157
345 365
576 588
19 474
46 38
8 75
62 392
407 336
341 294
589 401
525 386
450 325
23 270
462 454
341 16
228 178
75 172
34 12
29 59
484 495
150 230
327 29
137 178
75 389
58 209
294 541
479 352
584 268
529 44
533 32
594 256
5 449
63 287
158 442
559 26
251 320
73 346
54 44
102 579
463 69
499 83
43 536
494 56
193 208
369 5
443 258
539 58
448 431
309 310
271 323
486 268
259 408
174 557
276 21
304 273
275 241
484 8
352 417
318 251
290 329
343 310
380 437
285 328
120 137
416 277
152 507
69 162
205 149
53 57
314 517
292 429
35 553
577 8
75 519
141 246
138 311
365 289
411 100
227 454
531 259
22 103
594 233
87 388
317 428
360 338
530 376
555 409
63 573
548 486
304 242
398 334
482 382
524 7
232 330
231 85
114 521
422 566
22 450
34 26
527 62
538 290
157 127
519 477
524 214
361 517
207 218
28 140
29 63
193 360
291 54
83 378
35 286
397 476
353 414
512 274
554 375
549 525
289 494
372 274
453 434
103 357
538 416
239 15
150 339
333 60
489 120
341 505
84 531
191 169
466 518
460 371
313 358
291 432
378 562
408 253
408 436
67 579
377 89
227 278
450 91
320 571
205 121
39 97
290 278
288 321
461 65
367 292
199 101
199 537
54 67
40 514
400 196
489 311
384 195
400 370
177 251
136 400
526 84
364 403
457 46
507 105
436 271
134 154
478 186
552 40
430 10
311 409
468 552
588 143
56 321
564 559
348 287
328 110
329 390
135 461
368 380
513 43
150 21
564 187
409 593
47 587
309 399
221 357
249 65
487 126
235 398
181 179
236 377
360 35
593 72
351 18
88 213
122 554
556 553
189 21
228 436
453 289
505 134
244 68
342 167
165 466
424 498
212 493
159 460
206 530
41 134
123 177
163 152
448 304
347 38
66 299
387 40
401 252
563 163
180 253
116 79
514 475
482 553
71 438
316 466
278 94
37 254
222 51
589 229
552 14
328 427
469 86
72 283
433 120
533 369
416 260
417 189
569 95
468 256
4 399
113 336
55 279
506 199
529 146
162 243
198 573
399 341
576 136
275 380
94 246
79 124
138 398
110 255
148 185
160 182
397 587
262 245
187 1
163 117
97 350
459 216
47 495
246 168
409 500
541 201
4 278
338 530
368 525
568 159
569 130
262 54
347 260
256 287
109 267
138 392
98 573
510 144
92 332
319 350
46 422
530 337
377 444
343 429
490 448
101 88
493 40
414 173
320 445
465 556
156 222
517 194
585 111
381 123
199 449
70 322
27 97
253 255
446 508
260 121
192 45
507 7
64 456
414 502
284 354
11 235
165 371
399 519
45 35
88 456
473 391
286 309
469 13
237 300
373 79
317 209
470 321
93 91
100 85
11 280
238 366
4 125
576 387
215 454
318 47
110 339
432 212
216 451
397 265
533 418
319 125
427 477
244 227
299 90
295 77
400 272
117 317
172 196
232 244
98 556
139 320
543 306
487 240
542 81
93 452
488 38
298 576
421 132
282 499
121 163
582 202
591 41
562 77
436 277
231 577
173 77
122 499
396 479
251 524
152 379
49 153
277 276
106 287
36 441
566 25
89 239
55 59
314 89
503 181
477 317
77 499
123 583
355 548
157 274
157 117
234 32
292 419
308 195
325 322
426 286
313 308
337 326
580 591
157 507
365 151
248 87
437 322
168 135
577 335
539 422
514 313
547 514
188 158
129 266
549 279
152 183
419 462
212 337
273 202
81 543
282 375
31 391
232 517
280 293
575 42
447 217
284 374
39 573
279 232
53 569
89 144
509 413
183 366
285 320
571 362
293 577
549 395
478 73
443 89
315 363
207 542
479 162
573 30
455 375
421 310
144 397
372 593
304 172
362 421
110 437
49 367
8 184
271 201
43 102
565 126
109 361
495 36
503 187
167 330
27 35
575 34
244 319
179 458
581 379
185 443
396 16
279 156
296 365
18 493
397 89
250 559
395 532
297 492
379 332
379 426
568 381
321 404
213 325
543 177
35 247
430 314
77 298
556 148
6 274
301 364
543 90
524 4
139 170
462 510
323 195
430 110
396 381
65 34
428 570
350 57
33 415
18 60
171 87
331 9
550 325
281 163
578 489
285 19
474 333
284 367
260 146
486 473
169 392
221 277
549 57
313 125
589 398
86 263
461 397
504 234
233 477
223 535
310 482
196 54
287 538
156 468
226 125
108 203
104 448
32 4
211 301
115 528
66 383
547 63
513 121
3 206
558 167
244 311
387 539
315 517
550 389
348 267
398 545
505 113
161 464
536 2
62 85
508 336
267 82
223 446
244 277
398 211
529 379
4 124
236 311
514 165
568 59
466 346
56 87
54 309
364 180
135 502
564 530
286 138
380 503
464 135
361 532
384 383
565 532
357 484
459 398
385 86
308 534
445 31
401 386
431 413
216 457
7 287
584 191
235 49
293 9
11 215
468 160
357 92
477 82
321 568
46 415
219 335
120 176
362 327
91 533
508 176
453 177
425 40
254 451
168 426
503 537
361 52
184 560
140 470
1 172
13 422
370 192
201 246
347 351
553 47
257 385
103 233
494 156
210 184
433 505
86 129
355 579
69 466
473 546
102 147
171 172
536 72
525 591
423 207
514 417
48 405
152 242
272 563
196 216
367 194
412 8
552 164
429 549
374 464
149 510
350 515
333 110
500 380
475 74
155 126
86 426
567 318
342 45
355 176
206 87
559 219
108 572
362 576
76 233
146 527
120 44
9 448
585 307
546 18
116 568
72 370
348 21
519 273
463 29
527 434
174 400
185 136
99 349
294 573
287 416
505 395
269 290
61 149
52 576
24 187
336 404
223 242
349 429
330 314
523 189
186 490
123 128
126 568
39 147
360 254
166 48
413 271
316 98
233 242
571 483
303 121
287 320
512 589
516 444
177 70
508 73
522 454
299 194
250 212
447 516
333 180
552 45
465 393
233 141
491 18
124 566
183 167
363 487
479 85
551 382
338 585
279 30
52 261
428 415
225 500
339 433
580 28
86 399
386 329
402 65
447 552
364 79
357 199
488 200
382 505
392 383
3 2
222 564
188 109
236 133
518 110
219 94
529 334
556 502
334 115
483 227
417 164
121 438
31 565
229 149
288 386
65 359
245 248
271 354
309 169
110 445
241 428
149 417
590 489
513 584
198 70
462 294
401 174
62 149
128 218
27 457
218 419
133 503
144 63
269 109
423 502
253 543
569 157
91 477
190 488
25 143
492 103
260 285
330 346
554 110
221 553
169 253
390 574
293 499
177 1
117 542
231 381
586 552
172 307
560 259
466 219
145 493
189 23
359 437
15 453
398 362
359 471
80 4
135 559
157 498
522 483
316 131
28 579
210 460
23 449
138 307
399 125
254 563
365 96
518 525
461 12
365 388
591 246
30 100
177 238
108 441
294 357
260 232
293 309
21 357
326 272
529 362
416 194
281 263
565 66
450 486
135 541
585 316
531 39
560 253
437 535
404 576
3 562
278 386
146 376
460 207
575 54
413 448
97 137
542 486
300 468
567 443
111 335
38 505
589 370
290 490
47 569
532 158
113 225
465 4
62 536
459 268
30 272
49 301
212 183
53 168
53 60
470 579
337 87
205 444
406 512
483 470
78 270
363 514
512 192
263 516
117 421
499 46
3 243
575 516
129 574
537 325
378 151
116 78
297 271
228 580
591 364
242 388
225 307
440 264
12 419
224 346
287 170
52 325
450 380
34 182
283 167
165 476
253 222
383 73
570 482
291 213
391 546
424 259
18 307
57 93
53 484
488 71
418 409
345 514
29 429
218 515
358 186
576 75
369 487
343 465
236 342
592 336
314 105
36 292
197 501
85 416
415 473
33 298
555 441
413 348
195 95
378 264
339 475
503 206
61 152
111 561
428 485
455 541
251 202
159 94
480 393
102 112
216 151
16 351
583 233
215 540
537 385
470 151
520 531
427 567
571 151
318 540
378 550
184 259
486 226
231 10
564 563
467 434
472 255
237 460
405 488
55 149
26 587
482 275
12 435
84 178
99 528
226 91
205 525
480 30
569 531
183 382
537 240
381 181
186 149
51 461
69 478
587 63
279 343
448 327
316 416
535 33
322 390
83 48
346 119
375 197
376 164
550 449
463 581
379 403
27 60
12 410
414 29
107 234
331 89
338 557
368 424
116 96
385 284
410 246
270 126
427 353
162 563
77 327
249 134
106 533
260 26
222 6
518 520
197 350
577 274
464 183
273 411
405 348
92 114
483 167
307 314
562 248
336 547
401 23
283 272
558 525
457 300
540 500
30 269
170 466
292 282
421 270
113 39
227 559
519 438
110 218
173 451
103 337
579 141
257 282
68 576
108 523
474 324
235 37
27 147
261 16
416 9
196 490
307 289
142 418
381 589
50 164
420 53
53 85
524 115
4 251
528 353
106 203
247 98
82 261
218 367
415 445
333 334
537 21
49 422
353 554
506 22
514 333
20 95
110 453
498 325
225 440
2 74
397 484
48 68
566 139
11 127
501 103
313 546
515 393
290 31
71 334
510 235
592 555
2 465
85 513
94 321
165 275
469 501
116 387
589 348
522 228
543 163
57 35
484 392
563 415
411 248
121 6
408 448
106 244
362 276
149 268
138 490
249 143
271 399
258 439
507 227
97 316
148 141
557 201
553 22
347 541
12 380
199 541
570 319
293 193
320 159
306 473
590 586
505 321
97 161
96 499
405 109
13 181
122 442
32 579
462 458
559 129
446 194
490 371
303 259
347 180
139 514
61 577
421 8
368 354
168 395
142 320
154 296
381 246
86 294
146 39
93 213
462 133
51 323
344 137
577 85
73 258
574 342
532 42
573 182
410 277
543 452
540 228
576 366
213 39
279 335
2 260
111 242
50 218
222 8
432 589
184 319
189 513
119 365
512 327
381 68
558 322
6 421
386 572
156 302
158 79
71 526
484 188
237 321
32 51
392 291
127 3
464 239
492 208
246 457
238 373
144 369
359 308
372 269
136 507
97 525
387 421
187 395
289 342
323 125
404 146
457 449
178 282
251 483
263 304
529 28
487 166
336 387
553 207
395 461
105 179
471 19
516 382
515 120
293 216
122 91
284 443
468 169
126 313
296 139
97 348
89 104
521 363
301 218
506 227
383 252
406 360
107 334
280 500
549 391
57 440
446 261
102 87
329 163
19 11
372 462
61 230
139 15
464 415
398 375
485 101
488 178
43 476
557 17
349 368
453 101
12 471
98 363
38 333
476 515
496 432
250 186
506 152
112 463
375 177
400 549
217 444
290 420
1 348
425 399
234 401
434 279
589 467
318 139
304 70
214 566
328 489
519 15
540 202
258 558
133 51
333 134
583 272
125 571
374 211
168 586
83 461
184 285
255 276
530 317
538 353
368 452
38 359
533 480
63 309
258 588
412 390
174 243
130 494
54 321
339 24
480 284
449 426
523 471
393 524
263 415
323 278
413 128
24 6
563 214
321 547
506 206
300 588
537 584
223 400
306 478
527 370
215 216
168 421
391 269
185 225
517 497
229 477
308 332
13 339
339 235
257 192
470 273
194 320
66 417
89 503
66 164
453 589
287 13
537 374
75 255
20 217
53 149
356 13
81 280
284 373
424 585
559 251
191 87
402 91
483 20
545 98
538 21
313 435
472 79
86 507
531 348
89 202
389 479
467 207
183 352
422 52
7 63
391 273
383 330
250 164
428 592
132 449
467 587
297 424
582 12
579 127
63 284
490 442
109 479
299 83
225 123
404 575
320 299
10 504
112 44
559 483
242 512
248 302
588 490
121 133
208 70
473 142
76 98
582 238
216 23
150 578
459 486
457 512
240 510
47 268
416 520
129 372
40 508
467 428
149 580
425 338
428 385
188 162
502 381
494 519
117 246
235 12
37 556
157 82
476 493
107 132
461 173
557 544
564 240
467 144
45 29
204 520
487 295
458 449
52 568
538 436
356 117
59 211
264 86
571 203
534 312
572 459
20 503
584 546
361 25
361 168
10 46
136 279
119 246
359 73
110 503
379 461
261 172
423 236
525 1
449 286
370 133
408 529
559 176
100 346
20 531
447 492
118 61
422 391
110 449
201 548
13 291
78 259
322 201
80 512
18 543
345 183
520 78
467 487
589 426
151 37
503 491
403 467
343 272
115 157
31 71
582 181
137 296
498 276
287 47
81 271
551 580
350 280
339 252
357 486
167 318
105 420
197 464
454 163
222 126
267 492
20 207
156 122
448 258
8 249
545 43
436 179
321 277
50 545
375 239
86 308
55 273
479 252
309 200
380 424
508 79
529 448
199 296
313 278
519 9
585 18
6 210
519 62
529 94
154 300
134 319
12 73
89 310
366 296
156 248
576 316
103 164
27 342
495 306
433 533
154 363
382 133
490 139
286 101
127 364
78 530
219 305
558 152
105 553
215 67
270 327
94 394
348 564
328 347
480 426
25 329
219 153
586 247
144 204
576 177
398 565
136 367
540 267
26 272
47 37
439 417
396 574
266 210
437 475
463 583
422 234
357 351
565 547
23 435
27 278
409 160
59 470
81 317
411 547
417 328
482 335
163 441
167 81
345 304
556 549
60 527
541 34
560 40
306 47
32 167
511 576
96 297
269 424
299 170
267 402
507 281
30 428
123 241
167 26
329 510
49 325
472 365
100 68
402 232
329 3
450 343
254 24
143 318
17 103
488 498
547 507
333 394
468 164
486 399
120 406
252 35
173 151
194 212
84 28
341 516
220 455
121 384
489 354
490 529
364 54
345 200
531 245
521 1
520 517
560 243
236 403
242 495
143 169
544 534
46 329
363 260
197 9
273 580
198 557
179 253
568 349
580 303
467 498
316 572
379 144
570 559
404 107
416 313
132 153
55 83
171 337
553 335
505 34
521 47
188 532
394 436
137 102
265 255
431 289
262 40
106 552
494 48
128 496
119 494
308 221
177 143
201 522
234 293
282 361
583 581
380 343
53 534
220 336
114 512
447 347
28 491
476 462
50 124
234 554
337 188
5 288
578 46
95 502
159 340
575 225
561 459
285 342
310 450
380 413
29 412
258 453
61 535
238 71
128 510
500 485
488 21
112 377
85 433
233 129
52 309
126 269
325 588
588 70
162 384
553 100
272 508
341 317
45 30
189 119
488 409
394 113
584 491
308 253
279 161
242 193
329 123
113 441
149 454
209 204
306 192
78 304
388 344
482 204
196 519
256 522
517 570
223 124
26 264
108 479
149 367
451 541
115 277
569 309
334 275
191 292
247 526
199 29
210 170
338 460
289 116
27 317
