565 289 1340
184
393
498
321
36
92
230
519
29
122
213
58
96
106
363
450
152
7
169
436
516
278
203
264
100
425
67
320
513
518
227
525
116
204
442
342
201
506
136
557
1
156
63
517
49
452
339
150
469
123
208
386
421
187
65
238
524
458
325
534
188
16
348
328
13
377
350
464
563
146
248
451
143
344
94
354
256
176
549
62
90
239
237
158
79
310
541
249
214
437
277
23
527
141
128
397
395
232
157
365
435
478
104
403
258
565
196
120
461
331
409
351
296
522
415
394
429
112
253
454
4
233
542
245
47
185
352
373
487
218
24
313
384
269
260
155
526
76
246
511
139
85
138
543
118
361
536
334
99
177
181
186
192
495
251
287
430
369
182
378
317
411
40
197
195
66
61
223
202
455
175
199
465
54
349
288
8
179
494
327
319
111
159
419
295
109
274
562
236
550
168
164
37
110
427
107
440
216
42
387
489
463
78
73
470
371
554
433
225
556
477
226
359
265
113
385
533
105
490
257
389
364
336
304
539
130
514
70
286
244
77
154
537
407
198
332
475
17
84
523
215
485
207
505
472
131
3
231
410
5
263
12
355
212
43
353
345
44
399
234
482
560
292
546
422
222
221
289
493
312
381
10
95
379
59
255
531
466
366
297
80
25
166
558
206
413
301
496
444
437 40
520 73
175 493
546 520
269 565
515 562
506 468
511 527
290 268
527 421
557 300
391 290
87 486
391 47
20 88
187 207
201 198
117 239
60 354
433 229
307 376
483 502
294 182
48 144
457 145
65 409
75 377
554 101
6 91
11 416
490 442
253 56
417 330
400 440
361 515
232 499
49 459
270 421
428 187
182 459
35 57
4 473
192 555
367 4
323 20
420 306
378 70
312 92
417 425
257 414
267 490
102 428
329 538
497 330
287 167
349 370
101 91
558 176
436 273
63 484
251 2
489 182
491 451
391 303
78 563
561 553
217 490
504 312
32 309
400 102
40 448
364 246
512 301
565 206
334 290
89 411
122 510
521 339
451 487
331 348
514 536
100 506
1 557
197 182
96 27
111 512
564 275
331 420
396 83
457 164
261 191
372 538
423 463
60 292
249 142
411 366
309 297
130 455
367 216
30 344
180 418
241 465
82 1
179 227
57 135
510 472
403 376
233 79
387 538
286 32
242 2
164 541
452 191
372 242
133 213
532 321
338 411
197 360
327 285
342 417
254 203
333 91
444 46
370 270
41 318
367 135
291 266
507 53
478 53
368 358
300 58
460 293
64 542
262 239
220 338
142 530
156 267
182 562
295 390
228 335
128 55
454 88
485 264
479 397
92 116
542 137
65 129
516 529
556 326
190 124
293 84
482 17
138 460
230 162
336 350
457 389
543 219
491 210
322 277
380 511
410 415
155 45
174 82
143 434
304 120
90 514
205 364
522 90
204 316
119 464
50 70
85 547
278 315
95 205
235 267
294 471
379 45
406 164
382 325
448 24
518 74
186 529
193 524
523 451
391 10
353 79
487 55
244 167
168 388
124 159
218 75
402 382
329 530
369 298
93 501
366 352
329 319
108 333
366 383
404 274
157 248
375 409
2 213
25 191
36 326
91 207
458 390
174 94
494 296
85 251
111 59
332 299
132 462
86 262
143 515
308 154
469 64
397 107
77 182
221 205
172 96
275 53
168 33
111 74
476 141
171 162
15 87
77 120
334 459
483 16
58 489
407 325
492 129
220 20
404 75
540 334
152 208
85 481
113 470
186 35
104 206
284 367
208 398
174 367
197 235
152 267
242 143
357 15
133 221
162 33
131 454
72 547
297 154
73 319
352 34
465 350
552 556
51 280
286 422
185 245
304 86
213 301
308 404
287 380
430 183
4 127
131 34
112 205
133 160
293 204
39 264
407 345
289 145
168 234
468 382
134 10
535 187
483 343
29 124
127 139
417 244
547 386
428 385
480 318
228 561
190 463
245 296
231 221
552 3
330 277
509 219
59 391
445 364
149 144
507 36
355 144
261 497
50 49
119 220
415 449
298 195
221 520
506 1
418 19
149 20
33 133
190 316
13 470
33 71
348 204
492 232
563 337
301 394
54 295
180 479
155 227
203 411
504 499
277 115
464 363
316 520
469 443
526 501
123 300
354 177
73 326
383 459
419 470
240 124
554 333
275 514
194 301
439 440
203 189
203 548
316 272
69 546
158 444
11 555
563 131
134 533
175 119
473 106
112 289
486 393
177 242
201 29
30 500
55 48
48 474
347 339
288 468
343 445
262 111
330 560
344 538
361 55
414 412
80 533
391 501
522 176
117 393
45 349
132 490
526 449
210 484
356 445
202 370
91 368
170 236
318 130
132 461
58 358
192 234
159 481
204 106
325 376
469 398
71 368
361 102
531 445
453 468
361 455
457 147
34 480
90 309
5 169
547 465
458 561
364 273
417 29
561 201
530 90
222 281
487 420
173 239
279 38
556 430
201 169
256 248
250 260
53 354
141 302
447 94
295 27
361 346
281 294
11 314
159 408
290 103
243 490
156 456
499 285
128 554
199 491
166 194
47 349
128 267
204 304
71 393
186 19
426 346
433 45
391 400
264 121
164 234
255 451
40 492
83 519
362 473
103 462
336 514
326 338
209 162
286 439
423 460
561 335
478 149
439 272
293 554
369 163
334 7
372 140
322 52
521 76
464 245
101 294
7 335
98 87
267 104
163 554
12 52
492 441
280 442
201 513
524 346
315 247
14 394
531 289
289 386
200 483
417 172
14 478
394 465
450 33
19 242
239 301
63 293
249 468
526 77
56 208
450 242
160 183
65 146
215 237
422 328
169 114
178 161
143 80
200 180
378 531
160 101
471 109
551 532
293 240
387 467
447 64
415 49
515 232
219 480
503 401
240 214
137 380
76 185
138 23
154 178
292 43
172 14
512 122
460 79
270 72
526 512
233 542
343 294
461 304
356 22
176 415
414 99
501 149
394 342
175 137
532 150
559 152
375 179
325 375
516 559
311 505
237 65
510 255
50 415
289 35
510 431
26 234
88 536
318 215
144 52
495 162
526 327
460 216
485 467
205 416
364 262
215 48
271 84
351 48
480 382
183 453
7 467
146 74
482 64
462 28
43 58
206 262
178 220
254 331
188 53
42 300
114 183
152 407
324 529
296 1
1 464
133 222
521 358
68 502
353 315
324 184
83 360
370 114
416 275
284 221
415 312
248 239
36 207
70 201
100 452
82 451
204 438
38 71
557 542
500 448
369 387
105 207
243 298
229 116
384 322
363 221
251 366
344 84
558 3
153 484
170 528
411 349
382 296
554 402
539 204
369 44
315 420
395 503
235 337
546 87
561 276
313 411
218 202
226 282
405 9
75 112
109 464
142 397
475 47
206 323
310 238
308 545
287 409
269 526
217 327
389 178
534 119
11 45
295 558
285 48
7 137
130 476
278 63
146 145
464 533
561 212
153 251
126 26
318 227
368 433
129 285
434 486
78 218
381 339
42 387
32 453
401 248
113 119
382 245
1 59
298 331
552 38
342 398
258 545
236 456
350 58
20 344
332 69
437 496
139 502
21 355
63 151
444 375
170 13
240 198
551 236
80 414
166 134
303 245
441 405
521 444
70 17
150 347
75 480
529 136
282 272
74 5
553 288
366 501
168 179
544 53
451 199
471 397
109 308
448 522
239 425
292 42
128 304
341 208
451 474
223 214
46 486
240 132
60 501
555 103
23 284
500 255
24 485
448 503
400 176
382 293
256 532
549 67
21 222
544 182
259 243
267 509
19 328
28 320
244 146
359 253
477 526
387 317
549 437
6 407
294 445
336 80
291 19
380 202
204 105
558 293
247 449
270 121
465 301
224 356
564 73
168 447
28 316
92 141
208 433
258 482
298 150
392 256
437 308
526 233
526 517
488 471
407 274
231 45
364 134
330 311
238 499
372 429
244 537
198 243
184 265
157 94
104 483
510 256
238 555
472 265
235 325
545 490
260 217
558 562
350 308
164 125
512 325
416 51
233 67
67 88
129 368
38 371
338 518
198 350
102 359
110 261
239 202
409 488
371 376
494 561
449 154
539 181
379 228
454 138
465 138
492 392
441 268
47 70
136 347
140 315
541 178
429 251
472 75
98 363
364 138
256 133
483 105
355 10
505 282
287 452
2 55
267 343
50 254
33 234
148 214
99 417
393 380
423 21
542 554
33 324
144 245
277 459
473 212
48 335
246 500
93 460
465 207
112 398
526 36
450 384
261 467
156 488
558 77
197 411
413 189
186 381
265 109
531 524
148 451
236 112
105 64
494 519
452 418
68 293
510 408
202 369
270 184
213 235
303 417
318 436
415 65
174 341
179 556
88 86
175 126
163 14
417 41
274 25
456 384
554 140
357 449
533 193
62 327
359 130
394 407
181 411
459 554
326 519
529 383
47 171
468 293
551 407
232 63
504 327
125 102
482 412
66 262
135 22
116 81
188 118
150 263
408 414
52 471
511 363
497 218
130 326
67 217
130 513
346 425
417 127
181 268
70 300
375 161
50 499
413 420
14 119
177 4
21 325
48 384
48 506
429 386
349 452
244 186
103 519
398 273
96 13
367 110
98 318
501 176
144 305
149 533
246 456
372 55
451 468
394 393
391 525
376 497
163 227
66 204
517 474
287 28
451 424
390 22
405 283
482 162
553 152
136 51
347 123
46 9
78 107
413 205
114 83
167 31
97 45
279 199
307 517
403 129
107 89
125 426
343 435
408 56
20 286
485 19
95 539
544 455
38 253
407 382
561 223
388 336
211 67
147 99
375 121
255 118
489 484
457 70
494 314
332 252
82 408
516 538
258 193
93 152
131 71
277 344
381 279
160 272
302 38
53 56
336 251
59 475
180 383
530 185
313 162
194 106
42 309
424 23
12 120
191 395
544 476
353 386
415 9
489 38
172 466
509 129
268 267
377 390
99 534
42 142
409 31
277 541
529 372
243 488
193 478
192 213
347 264
321 195
176 562
296 500
182 304
248 563
31 378
240 462
288 404
421 14
554 494
456 312
165 299
20 277
16 339
422 173
282 546
230 324
378 461
340 526
243 303
191 51
278 269
420 224
342 485
10 336
129 176
290 480
287 316
551 417
345 525
55 536
225 295
85 529
402 442
379 519
502 294
412 108
443 495
33 170
234 273
348 229
473 529
289 45
520 323
247 384
154 429
154 480
415 490
251 364
27 45
404 322
466 267
98 331
433 193
83 565
226 213
231 1
433 143
211 170
205 506
312 245
443 518
255 237
161 466
235 449
299 441
258 337
135 236
244 10
204 235
327 88
316 507
269 326
140 10
486 342
426 88
475 548
526 363
180 336
137 113
548 525
382 487
84 462
105 174
110 564
479 173
292 436
517 154
4 455
85 559
102 500
494 463
298 266
192 289
117 207
119 369
444 429
57 561
116 165
247 23
46 240
213 284
479 85
429 359
157 227
359 46
182 353
214 481
487 380
134 424
127 468
65 53
385 429
321 122
351 156
188 360
236 150
320 483
239 438
84 247
445 65
544 271
303 522
158 63
483 225
10 160
247 383
124 234
415 21
164 435
59 184
165 17
6 177
512 68
438 99
218 302
272 262
8 322
490 306
96 414
387 324
501 454
381 499
524 484
478 359
304 187
132 86
501 84
140 466
160 339
80 197
302 293
167 32
181 351
317 427
455 320
201 447
45 148
310 150
300 163
8 392
17 142
471 554
355 28
317 199
528 561
355 399
127 212
480 13
351 474
398 255
200 400
59 482
229 564
426 430
477 371
565 193
175 371
444 220
85 163
68 63
190 502
536 283
530 467
206 201
156 504
58 54
421 217
418 103
407 387
482 493
516 71
201 333
370 123
295 440
389 30
86 9
353 67
496 268
441 165
86 384
560 143
251 272
81 55
429 109
291 157
551 225
153 181
563 509
547 153
499 349
286 168
319 535
372 471
287 328
100 123
20 9
250 8
286 384
63 478
482 2
106 413
250 274
90 377
299 550
392 529
525 455
107 166
88 35
564 449
401 405
324 547
304 450
181 134
452 10
90 468
422 503
347 535
101 33
158 186
70 436
179 328
276 339
499 277
134 158
366 299
330 309
477 256
447 498
498 360
116 212
220 280
97 486
107 376
21 210
107 435
251 395
302 493
7 515
476 281
207 52
509 170
31 133
259 144
25 263
127 245
355 251
92 175
140 91
351 302
3 293
555 211
44 323
295 331
353 347
498 81
386 406
413 465
490 564
433 376
86 162
464 179
60 242
140 95
276 208
315 535
40 428
130 178
64 194
22 133
464 263
153 506
242 313
159 37
472 190
406 428
172 9
193 102
499 120
367 413
224 130
365 211
352 385
307 500
338 458
505 549
268 320
546 387
392 554
387 340
524 493
137 409
532 57
44 169
278 331
559 293
354 321
185 150
122 438
107 389
560 551
289 460
381 550
257 312
295 394
527 377
135 67
256 169
384 344
364 151
499 95
315 184
280 188
335 184
270 506
80 26
474 395
284 142
451 107
359 549
541 153
431 548
488 338
104 447
415 61
249 306
323 467
271 463
345 480
218 374
94 238
484 41
350 334
491 70
291 334
142 100
123 292
458 562
380 117
489 289
436 448
238 502
513 288
451 119
191 288
365 556
68 541
3 335
144 309
399 3
185 516
301 524
202 126
428 276
426 33
372 50
378 152
16 308
132 90
461 19
278 366
115 525
486 565
413 471
