587 222 839
54
415
150
343
243
411
546
536
554
207
180
308
336
342
33
338
332
85
394
278
518
345
293
361
307
427
172
504
324
346
99
46
491
49
439
514
254
277
340
498
192
30
164
88
344
41
442
289
253
475
382
97
367
108
16
517
19
153
92
189
420
230
42
70
244
79
182
12
444
65
458
552
187
534
562
428
374
576
186
179
141
103
370
401
511
43
294
391
101
160
565
436
441
506
238
15
376
128
432
424
404
248
63
233
300
116
541
232
485
24
521
555
291
471
373
312
73
205
222
102
210
284
201
494
531
98
328
198
226
402
339
106
229
162
450
433
537
130
2
181
40
393
457
280
77
495
347
94
503
413
256
170
220
149
134
545
276
472
375
334
62
144
483
50
322
76
516
456
510
257
513
400
366
132
127
386
241
326
544
586
23
26
155
512
520
287
145
449
237
235
110
493
543
426
532
582
567
551
247
104
556
213
95
129
519
39
274
577
239
158
303
550
89
61
268
245
302
443
362
38
369
476
147 77
173 77
81 577
290 177
23 283
296 497
243 444
284 583
515 303
68 354
56 509
335 454
464 458
278 512
207 356
286 380
133 450
332 400
204 92
220 71
418 34
508 306
210 472
67 4
532 155
297 60
472 167
550 240
309 90
399 207
462 164
7 26
476 78
521 218
11 87
207 294
529 175
551 568
352 585
315 325
190 125
375 187
276 377
337 310
374 517
291 259
138 179
384 177
380 166
386 224
55 175
396 561
269 95
179 268
130 15
23 467
159 393
194 500
472 76
200 407
95 356
129 324
366 286
106 4
241 235
330 481
214 581
174 59
71 381
123 216
70 143
562 483
414 302
455 386
70 183
137 123
504 491
116 528
489 328
10 325
570 573
273 392
508 479
86 494
578 266
341 517
132 502
388 314
68 432
584 225
421 292
137 100
477 208
501 505
35 449
398 436
277 373
102 559
530 403
179 395
313 230
45 455
166 397
500 256
300 246
40 482
511 399
193 424
11 79
160 265
290 573
165 66
306 410
327 15
149 585
302 212
475 34
246 328
154 30
579 324
129 242
27 557
454 226
168 51
503 328
198 463
485 113
565 328
251 269
328 57
500 46
55 542
106 210
383 424
501 535
550 272
80 78
53 51
141 355
324 416
129 548
302 47
102 242
264 112
177 147
520 89
345 421
509 280
415 402
124 301
38 35
400 132
108 412
22 389
260 461
441 54
268 242
150 412
328 271
349 317
346 563
114 96
391 303
152 154
585 326
59 33
525 183
273 535
562 478
572 514
230 112
187 298
4 417
579 418
155 373
104 175
280 550
25 164
495 335
124 21
268 132
434 5
492 289
2 257
195 456
123 319
257 370
454 185
246 91
182 423
458 364
151 356
333 46
363 124
87 295
388 252
299 275
59 286
407 275
112 477
392 333
398 376
200 584
444 584
250 314
518 583
341 362
465 502
12 95
36 193
207 542
512 273
314 17
358 142
532 24
109 101
354 183
345 256
459 151
420 68
283 350
160 299
175 139
449 180
160 342
81 582
384 569
345 233
148 184
565 572
582 448
186 200
188 95
16 219
457 462
356 146
104 508
312 291
483 296
422 125
76 484
202 2
361 187
470 20
585 545
458 576
343 154
439 467
177 53
35 259
218 154
133 35
440 501
564 420
479 587
145 180
9 342
332 12
371 364
426 216
294 439
319 58
126 386
254 186
298 198
307 361
76 133
25 57
193 401
69 336
532 185
70 91
318 43
486 55
458 27
401 514
389 470
314 516
372 500
40 413
55 462
212 28
200 500
439 258
190 249
457 262
528 457
123 144
227 191
514 281
453 481
221 176
287 277
451 73
81 411
514 576
544 433
574 150
96 384
157 425
280 40
457 291
18 426
578 325
393 189
102 44
281 425
537 361
241 240
26 342
492 452
301 87
7 538
372 119
537 565
369 8
490 561
218 1
24 97
205 296
438 326
147 447
444 254
575 459
158 389
485 187
162 168
240 328
381 346
154 73
414 314
52 142
121 498
405 62
233 478
416 30
20 423
555 265
340 586
217 446
516 321
122 556
314 46
352 584
154 247
104 215
282 152
483 249
241 395
217 165
76 382
296 78
242 287
448 128
482 533
161 268
106 262
398 219
534 185
278 100
356 184
74 315
204 62
362 440
380 13
460 384
95 122
312 510
448 144
363 386
331 388
290 521
537 526
73 492
263 520
352 56
25 122
195 365
259 524
485 352
31 486
547 269
30 70
3 419
414 578
93 13
393 440
369 121
149 416
340 153
333 234
175 381
352 66
471 265
228 501
190 460
300 61
36 80
215 564
85 431
379 377
65 190
211 478
506 279
347 170
235 156
29 277
102 183
441 170
531 217
548 237
583 112
479 31
307 263
178 334
154 297
10 220
11 272
352 339
401 563
574 304
482 84
587 389
562 325
455 83
372 245
294 544
144 302
433 156
276 33
180 8
233 107
535 531
1 369
468 253
409 256
156 342
495 369
503 207
321 238
580 163
424 481
235 265
4 112
103 309
127 48
384 389
582 184
529 275
519 392
144 437
222 408
571 134
339 511
382 233
392 193
122 486
456 429
564 176
458 94
122 103
275 515
392 185
335 236
89 556
359 419
356 451
519 585
360 195
163 510
16 146
39 188
303 351
324 93
60 412
18 125
368 205
240 342
422 132
547 271
402 348
486 311
150 454
106 389
465 201
434 389
365 316
228 140
514 493
321 272
162 462
296 52
509 72
304 132
391 569
378 104
97 215
26 20
461 493
479 48
16 481
197 303
395 47
48 243
430 569
582 424
143 476
548 134
76 26
295 417
333 245
409 547
52 483
383 331
9 84
386 49
551 15
123 323
535 53
571 469
166 495
563 79
265 587
111 369
241 578
511 576
422 138
12 506
548 60
222 517
325 316
248 529
171 462
261 401
298 377
196 147
584 368
132 526
314 319
429 492
553 165
109 296
267 399
559 404
387 5
115 513
251 33
550 204
67 79
21 291
433 138
525 169
211 554
484 516
465 534
294 54
28 261
109 433
148 188
484 498
221 503
387 538
272 216
547 530
171 565
50 34
80 399
289 455
198 180
93 158
489 363
354 229
481 426
198 572
224 344
131 137
539 128
217 573
304 321
515 490
212 490
264 141
413 421
187 217
541 243
151 36
354 366
52 114
31 57
386 179
560 4
347 525
383 62
497 66
81 270
68 391
433 424
565 320
361 239
487 480
340 557
310 562
12 427
186 18
135 319
87 129
436 442
574 299
389 529
567 406
187 239
226 484
321 62
242 436
290 289
97 437
147 385
366 52
574 177
241 243
461 68
362 340
196 257
303 371
524 507
177 176
6 45
232 152
237 578
8 17
141 483
504 212
213 32
531 367
126 211
213 363
388 11
480 82
583 288
502 90
349 4
291 245
86 261
224 302
298 190
346 278
91 109
131 392
383 122
327 582
511 100
130 121
491 149
253 198
199 232
78 56
500 125
351 105
238 566
49 114
565 230
97 367
369 382
446 145
413 370
74 179
477 267
353 163
13 463
337 368
504 292
173 32
280 177
461 327
573 477
374 454
513 183
525 510
268 15
225 366
221 376
490 397
285 295
414 529
552 348
126 357
121 144
569 484
332 85
563 500
385 131
257 397
164 150
431 254
257 228
437 581
157 566
301 9
21 548
396 287
571 124
491 555
67 107
297 428
300 536
527 404
117 208
381 101
338 301
64 308
574 327
258 389
434 532
461 101
503 55
565 139
568 226
587 76
55 211
475 294
148 535
476 371
220 221
543 413
512 443
58 390
55 340
479 74
467 413
68 307
422 503
265 430
181 231
134 486
347 399
399 333
583 116
8 295
449 24
216 245
215 329
223 84
134 250
562 371
175 345
39 147
524 99
364 217
87 475
397 532
319 493
452 391
237 331
269 70
173 554
332 100
344 428
145 213
9 425
338 242
155 308
323 266
190 357
351 368
429 218
195 285
59 137
485 254
35 111
445 109
80 478
343 392
209 525
198 36
395 467
288 310
374 88
377 510
329 323
459 499
575 105
87 484
380 294
341 299
515 563
392 271
538 86
79 382
555 333
425 208
339 57
413 371
221 579
148 227
398 268
3 336
6 8
414 257
423 41
519 580
316 395
168 517
65 505
358 35
162 180
579 21
408 511
62 273
557 204
458 244
273 545
265 514
396 537
75 333
158 252
82 292
242 343
261 183
551 57
187 480
522 538
243 181
499 485
436 573
411 289
318 290
391 183
458 420
125 183
229 148
308 120
141 263
425 319
73 213
413 507
49 426
19 39
341 459
384 174
