758 320 1908
428
183
206
412
181
252
272
317
333
498
381
720
476
446
370
715
467
633
522
327
36
750
477
170
554
758
639
623
656
558
745
334
371
161
495
30
354
178
506
65
424
624
321
112
217
414
46
440
378
484
644
706
671
332
579
160
564
757
638
123
631
291
261
704
351
90
462
9
111
66
562
637
165
744
643
256
576
118
527
651
536
149
360
435
630
452
139
421
32
731
12
478
239
751
458
173
250
717
18
598
115
269
243
134
92
545
210
733
69
262
413
312
600
97
122
323
364
95
691
740
300
22
52
259
54
746
31
16
500
524
244
87
116
682
349
154
137
609
684
174
666
596
537
179
676
67
756
342
83
212
511
654
8
21
302
34
145
480
629
348
466
697
457
78
709
419
582
653
546
723
486
75
2
730
753
292
551
40
224
143
425
674
513
15
679
232
275
618
561
150
1
388
605
347
454
200
603
247
488
710
89
141
430
6
675
533
132
318
319
55
597
431
625
7
570
433
521
196
289
693
140
159
508
742
572
211
505
296
738
84
28
367
372
555
177
73
163
339
113
168
234
199
290
235
438
686
470
260
657
459
516
392
574
475
755
208
324
694
81
752
274
218
254
341
125
313
288
700
669
548
166
375
195
126
678
727
281
103
185
187
384
214
420
219
725
205
728
456
685
539
487
265
447
374
714
689
661
464
246
698
102
164
14
395
245
681
632
191
437
162
722
216
322
481
190
383
45
226
337
257
687 665
155 348
453 299
401 140
354 657
160 724
384 623
673 26
174 231
551 69
721 9
629 742
18 267
358 174
140 729
399 737
410 682
108 127
198 23
751 707
649 454
604 437
739 155
636 745
279 111
695 739
673 242
167 21
513 639
496 386
626 239
472 502
567 319
744 60
410 77
242 652
475 398
484 661
346 561
278 272
643 312
273 256
364 603
476 569
719 443
601 520
398 425
52 733
433 416
315 410
576 273
320 680
340 450
181 426
122 107
292 361
108 443
169 505
39 673
412 277
586 715
469 498
455 471
250 634
93 110
57 621
751 500
518 408
720 10
171 172
397 748
478 514
299 271
183 381
726 482
234 393
733 706
592 618
314 652
352 108
6 720
599 749
705 292
253 594
114 128
305 494
381 55
408 419
564 257
256 50
58 410
624 454
223 346
263 593
647 352
32 525
583 498
547 730
437 170
285 66
310 409
625 63
599 44
11 740
516 369
409 497
236 653
461 317
721 746
101 228
145 66
141 110
461 637
488 275
9 48
175 531
459 541
348 39
17 184
81 543
482 462
367 736
228 239
32 574
554 380
281 335
745 670
45 619
409 328
523 689
4 220
12 711
309 127
87 205
120 65
101 213
184 691
594 506
151 111
487 342
359 187
49 499
413 340
745 72
742 519
455 338
27 232
506 194
738 337
372 632
672 624
137 736
256 201
293 236
401 381
614 696
120 144
179 480
11 647
582 290
98 87
199 392
112 222
424 6
724 228
11 724
97 308
56 101
181 621
718 502
188 511
632 347
462 559
43 684
319 376
627 566
681 125
68 549
540 331
709 688
612 460
170 638
36 512
90 179
290 693
557 698
487 573
399 332
370 756
322 89
598 353
743 298
324 619
631 595
493 318
531 135
547 443
29 21
515 75
172 56
18 397
65 380
374 7
540 137
401 626
416 291
96 33
695 92
82 297
379 497
670 662
401 37
461 634
647 517
257 164
475 246
691 223
367 288
330 678
217 505
664 208
140 668
372 248
392 503
382 598
658 743
538 501
496 758
408 284
539 341
703 620
646 732
480 320
747 273
245 119
285 493
33 542
394 483
238 228
591 505
275 549
650 637
455 315
720 476
56 730
490 497
270 736
32 430
304 102
7 164
276 220
714 375
54 167
395 498
368 419
686 462
161 221
433 673
4 426
411 514
141 661
122 512
272 216
616 149
14 275
231 271
528 200
266 443
222 54
555 341
413 112
171 188
28 527
170 544
149 731
174 384
164 324
340 284
600 391
221 211
589 294
457 730
688 435
508 485
450 730
224 392
121 358
500 685
362 471
475 151
395 267
100 738
40 550
739 513
624 274
406 42
572 150
523 617
338 415
514 363
115 374
89 592
279 556
233 340
421 279
244 353
170 1
341 500
122 447
661 413
618 680
135 388
295 10
466 369
720 311
657 572
354 113
588 721
379 237
283 42
55 284
288 1
165 55
155 117
264 299
203 416
540 126
315 756
118 367
523 447
6 554
385 463
226 383
72 532
545 514
125 257
432 249
22 93
415 42
280 717
167 138
719 600
620 283
534 42
272 346
676 211
154 22
51 422
396 562
27 177
305 464
42 676
605 115
88 637
517 36
673 172
264 395
137 750
224 479
205 99
709 182
695 547
542 670
357 345
152 509
123 640
602 158
628 648
338 325
370 472
116 244
79 638
674 263
244 376
617 690
197 686
674 298
652 164
74 758
629 561
367 230
402 103
369 725
426 623
346 683
41 247
694 460
420 632
363 378
593 607
524 421
247 388
10 460
714 682
169 35
450 504
704 262
488 703
55 487
643 538
473 184
196 4
260 398
394 655
733 252
19 310
566 641
560 331
101 143
530 235
258 19
711 97
396 440
161 123
744 67
316 673
373 449
249 147
522 646
8 143
674 449
90 530
53 511
610 498
378 499
156 157
162 138
409 469
621 231
664 463
551 274
450 294
347 299
355 222
151 603
230 265
669 283
502 203
537 681
489 537
633 515
671 741
106 39
589 583
713 618
75 17
85 230
667 21
318 47
209 217
689 332
643 603
72 698
624 660
35 396
457 216
227 459
364 755
535 572
92 603
208 139
578 187
708 388
362 331
351 737
253 507
734 202
550 204
363 644
409 514
197 336
62 673
528 10
240 23
57 726
589 226
254 47
329 739
357 753
455 397
680 73
3 273
62 671
132 529
489 444
538 371
79 680
706 245
258 577
77 61
122 247
489 278
643 484
176 476
622 556
175 634
8 726
635 72
135 153
467 559
274 255
736 325
669 502
350 26
27 118
526 132
150 738
233 69
95 548
222 239
666 630
206 296
139 163
408 639
645 296
429 182
405 629
476 93
208 10
441 372
696 513
230 736
139 62
596 605
394 653
697 706
487 485
226 431
502 506
375 540
287 738
221 511
593 49
718 520
748 100
143 631
369 298
64 526
444 125
723 425
53 704
541 22
165 433
568 68
173 504
199 480
486 669
250 363
534 671
101 65
90 467
709 721
95 643
463 493
333 684
698 324
562 619
179 667
223 673
285 433
336 55
405 169
118 199
587 719
362 104
591 394
424 88
95 74
725 273
745 101
269 704
325 673
646 102
540 5
746 13
730 329
2 588
70 618
456 460
148 183
331 605
322 295
383 115
486 682
294 136
229 398
399 207
208 272
754 405
68 540
218 635
28 46
680 690
464 675
61 191
511 120
67 690
608 648
336 372
586 723
624 585
9 240
216 156
553 319
528 331
581 626
59 468
326 251
169 520
712 249
610 697
92 57
641 296
587 664
409 366
421 404
562 264
517 104
660 534
91 509
284 113
153 734
751 239
572 524
264 28
493 551
14 412
290 666
55 143
334 215
635 439
503 561
297 119
67 538
56 726
342 652
187 634
704 629
320 652
490 160
296 152
319 246
603 521
471 166
312 220
231 84
150 329
129 391
671 113
546 260
361 288
135 212
427 19
467 249
224 422
70 21
521 295
264 362
262 733
73 113
167 448
707 296
55 395
32 270
554 639
725 47
678 246
23 53
587 348
4 103
95 389
547 745
157 217
242 361
121 500
515 154
498 412
374 457
396 82
388 482
3 350
75 508
35 423
77 297
377 336
627 298
459 550
715 188
711 746
387 736
64 345
586 148
620 547
722 256
90 587
714 507
89 33
120 626
559 519
361 387
72 445
556 568
188 160
242 32
428 542
319 227
39 14
206 621
118 298
207 91
217 513
725 310
532 188
314 632
253 428
368 16
536 469
321 622
119 32
197 416
265 30
213 399
168 285
366 14
290 262
243 738
191 751
68 54
709 671
437 511
240 743
53 140
516 548
322 267
373 334
706 55
377 607
684 145
155 347
548 355
619 272
436 540
423 172
536 584
475 291
715 462
301 160
702 8
595 202
95 40
68 744
686 87
342 72
544 241
490 399
560 501
10 645
724 655
521 517
743 544
159 527
322 387
561 278
653 731
603 5
130 722
345 349
398 675
140 733
471 157
355 459
258 510
5 445
755 372
626 328
737 250
261 352
480 201
554 193
477 754
473 265
73 682
12 11
562 104
74 233
466 138
347 380
208 14
294 303
418 660
721 6
223 162
160 479
170 145
688 516
607 419
561 196
412 440
447 746
526 1
713 508
283 171
501 400
729 368
117 209
547 656
667 405
127 675
632 171
506 484
427 685
355 686
727 569
376 409
204 705
195 338
705 340
498 144
208 161
18 209
532 569
472 525
121 744
27 495
58 368
30 169
308 383
730 550
396 497
645 62
499 319
441 163
168 93
394 316
410 648
526 535
137 229
262 313
709 638
562 637
500 509
430 388
483 294
233 553
645 6
627 152
384 687
167 524
236 682
247 462
388 757
317 233
461 96
255 147
633 702
54 218
728 485
752 620
488 415
735 34
18 527
420 19
7 452
482 12
240 549
628 411
473 181
559 216
730 130
609 261
680 627
656 226
545 188
695 65
647 120
652 543
305 648
382 78
627 543
251 365
420 272
515 393
192 229
420 364
471 231
51 299
167 98
74 614
172 155
711 599
406 349
372 370
712 140
192 282
222 278
424 521
45 168
210 562
378 505
263 205
235 597
231 88
144 351
308 225
538 35
155 86
743 349
186 474
475 212
288 326
163 482
81 456
179 628
37 716
244 132
90 73
141 600
344 717
266 495
509 145
641 756
213 128
20 355
631 201
336 538
672 463
730 734
327 532
80 171
457 421
147 683
153 578
606 171
610 635
734 182
264 186
162 49
367 136
559 684
502 741
87 411
744 27
142 359
162 120
385 490
468 714
616 266
211 145
717 532
73 577
485 731
552 618
240 149
662 328
469 528
328 575
65 508
512 110
448 120
123 397
556 179
292 129
193 128
8 479
411 633
507 661
435 701
344 337
32 12
652 688
263 176
615 424
274 86
714 450
5 691
571 715
586 331
367 484
471 20
663 629
450 97
580 308
500 676
270 619
681 45
583 308
295 657
329 370
174 621
353 5
500 519
432 643
105 380
157 501
162 58
684 753
115 737
716 207
335 275
579 563
188 175
285 192
21 677
430 639
310 482
259 80
181 135
642 592
490 683
526 531
369 374
624 723
417 691
439 716
154 33
455 152
358 497
10 752
5 727
673 171
520 106
446 75
1 638
326 569
675 278
568 140
696 656
685 143
726 329
627 23
322 731
506 114
496 421
156 478
289 503
455 426
544 647
626 721
21 485
136 147
610 559
722 373
298 504
15 739
610 71
519 566
463 687
677 292
518 344
284 676
48 722
335 107
405 504
603 491
150 55
32 299
206 353
292 13
577 231
236 467
355 210
402 104
176 26
331 203
756 227
407 560
134 729
711 367
382 380
264 217
396 605
213 730
6 272
67 277
222 380
58 324
358 407
329 118
478 297
273 642
191 548
566 337
619 472
477 98
247 717
706 734
572 12
140 471
683 162
263 428
52 261
401 710
398 755
508 246
280 629
164 246
702 46
641 150
211 642
84 170
545 61
302 434
594 381
281 170
473 275
88 381
38 121
367 109
609 666
343 481
560 701
696 137
718 395
189 442
511 692
210 430
695 620
438 14
696 312
239 290
300 169
690 215
105 162
722 93
408 237
2 47
90 326
568 88
242 271
326 203
708 683
642 41
732 255
725 737
548 265
737 444
233 608
270 525
56 179
698 688
518 462
586 563
444 351
244 472
454 243
385 377
481 73
288 649
438 391
267 601
612 465
225 739
635 314
560 334
735 445
513 437
606 656
26 65
577 317
417 440
395 310
423 100
547 149
226 198
180 717
39 81
125 109
19 716
1 155
645 635
281 576
530 319
390 212
326 268
480 257
343 288
255 425
99 476
20 636
320 268
43 314
347 266
134 642
687 310
498 274
5 476
27 255
56 127
511 449
474 712
394 486
37 192
512 463
403 632
502 320
126 398
532 310
613 445
37 38
584 733
479 461
364 666
186 225
326 242
424 675
364 677
12 393
392 244
540 553
707 345
542 111
97 464
428 405
374 170
464 12
687 578
560 571
695 129
396 683
513 213
370 705
23 688
434 306
657 438
313 340
633 623
23 590
660 66
213 254
540 293
225 385
421 205
700 186
672 686
660 262
675 236
150 402
52 211
574 593
78 715
280 687
160 228
377 353
280 43
40 495
627 662
589 636
739 700
198 553
137 380
693 114
609 702
204 363
485 354
640 481
274 140
87 320
463 417
721 622
580 110
720 30
63 403
226 363
730 393
696 186
443 417
610 26
334 307
756 434
138 392
159 111
714 334
711 208
103 448
408 725
438 398
510 356
548 701
399 463
97 505
225 509
4 574
480 544
735 251
27 4
22 441
45 69
553 231
263 251
483 383
126 344
284 585
98 507
519 109
405 168
725 174
24 245
734 625
646 297
458 446
391 674
495 315
101 256
354 209
71 464
414 410
219 675
603 81
735 244
631 392
366 458
664 89
623 208
453 76
170 323
312 287
388 623
146 369
38 455
250 479
409 369
615 271
36 71
276 425
473 316
602 77
320 166
533 304
436 584
577 120
728 376
4 342
501 480
611 280
321 584
464 454
156 323
309 333
432 743
62 5
606 455
611 130
268 181
299 18
159 683
253 197
155 90
619 215
395 423
688 287
597 462
72 361
51 289
565 665
160 682
53 85
383 703
87 509
158 30
383 254
522 366
491 723
109 426
323 372
349 601
85 496
39 564
479 541
60 453
128 103
639 43
679 617
257 436
653 480
240 346
571 551
92 616
248 498
430 453
300 274
430 617
690 101
257 664
86 540
499 100
191 708
666 514
166 283
729 215
167 623
274 423
260 458
132 507
197 335
554 367
619 304
708 608
557 347
191 176
93 125
634 98
343 68
656 377
411 82
698 614
35 63
178 176
628 156
259 2
578 195
144 208
519 217
87 505
399 265
141 119
178 597
497 157
345 700
136 354
447 551
274 489
21 212
165 283
151 530
83 77
263 299
364 751
256 581
170 382
387 551
379 288
324 184
409 671
322 437
639 450
487 618
595 583
147 216
753 84
173 102
269 607
523 193
67 307
252 69
1 537
565 195
299 695
358 360
616 607
187 453
46 533
366 128
710 62
147 55
438 139
613 236
600 617
695 405
30 216
65 621
37 412
225 291
102 613
241 595
624 266
207 686
548 269
706 44
631 83
189 23
374 73
684 649
587 248
262 82
240 276
81 666
21 639
730 170
738 585
676 457
382 703
576 511
107 471
325 95
3 324
231 51
81 735
253 237
126 322
157 125
534 490
518 535
583 668
262 71
151 441
559 444
716 42
302 476
567 363
491 364
303 59
736 52
694 176
683 719
371 327
465 756
725 404
510 173
306 440
712 641
431 237
122 588
251 301
175 256
58 157
589 250
116 358
108 78
99 227
540 327
333 235
583 722
568 205
718 339
320 353
39 10
581 480
737 274
142 628
525 18
186 603
268 501
323 532
645 262
529 735
117 650
130 187
331 462
363 447
250 458
669 69
735 358
615 339
667 567
621 477
511 675
35 727
527 466
104 673
319 448
696 586
41 749
174 708
332 36
305 495
355 552
402 367
59 634
3 170
71 73
60 697
160 650
454 221
408 224
736 540
693 286
573 420
628 28
752 307
534 668
123 653
496 338
275 259
481 30
101 598
226 491
259 287
660 281
459 106
160 595
481 431
135 247
596 124
28 440
698 706
542 210
746 743
555 92
500 118
737 178
76 315
632 370
340 271
41 106
171 662
188 494
548 195
146 141
109 286
15 355
262 630
494 694
314 543
669 206
130 413
747 184
504 695
225 529
122 573
639 448
505 530
88 605
169 176
536 295
705 690
68 288
549 233
189 370
400 444
212 74
282 243
396 366
57 55
244 705
530 122
188 230
240 523
329 86
371 182
302 155
527 150
380 34
482 439
659 537
697 127
618 88
680 518
626 502
145 193
701 479
492 116
644 271
100 374
235 504
141 275
226 334
601 357
496 457
480 548
707 607
604 374
206 428
550 345
514 606
32 651
625 341
241 339
240 56
217 676
643 420
729 374
137 62
411 572
483 36
298 441
289 319
169 55
204 118
338 664
585 63
394 305
605 229
574 146
298 121
443 497
518 740
586 183
43 209
328 47
338 183
326 383
344 239
207 688
247 264
287 20
483 428
248 576
334 171
134 263
353 85
668 395
53 157
164 522
155 552
435 234
741 332
687 403
672 82
343 390
157 441
73 316
378 80
558 380
105 139
632 681
488 99
741 464
39 577
411 68
303 237
368 513
624 710
644 609
112 53
589 346
449 229
432 99
736 647
140 293
127 278
648 155
68 103
716 639
332 423
519 27
420 395
662 729
635 648
37 307
173 624
356 108
42 285
490 348
686 510
317 74
569 383
755 116
556 194
318 340
15 571
128 755
615 565
259 598
612 596
200 145
527 144
557 201
21 505
458 453
204 721
188 421
479 293
699 353
293 268
272 735
299 673
319 445
669 689
54 525
25 28
433 440
624 452
650 58
619 589
712 462
158 84
327 599
507 415
326 227
446 388
295 220
735 181
363 338
149 457
676 637
329 210
451 654
314 456
399 637
455 633
471 350
100 182
351 429
522 592
681 194
361 5
639 708
497 402
455 687
368 265
489 382
341 339
714 342
731 5
543 602
699 441
748 687
94 645
54 191
191 616
374 548
521 238
738 32
559 420
486 677
228 652
181 87
649 233
694 103
574 161
595 213
505 633
288 745
467 387
442 745
187 340
707 667
196 469
691 268
434 273
92 507
520 272
57 506
418 385
518 371
630 325
380 38
6 188
562 674
417 402
322 597
294 511
669 567
696 731
85 489
322 212
25 116
231 664
376 449
362 191
488 533
449 588
452 297
229 189
260 668
681 712
309 107
29 693
498 418
5 99
219 540
628 334
318 352
293 747
226 600
555 472
563 270
323 256
330 693
749 16
394 219
416 478
480 422
361 645
583 563
96 339
61 387
628 88
531 31
124 726
471 333
226 749
707 101
154 45
510 79
641 254
129 353
368 339
395 496
230 518
61 519
637 135
596 355
264 489
31 275
74 502
249 487
197 481
634 443
122 461
578 24
499 66
686 729
209 676
175 163
98 693
252 608
440 232
674 49
116 743
436 325
46 572
426 579
444 464
616 212
88 546
22 530
19 53
