543 91 155
284
261
73
503
123
28
394
269
466
227
311
415
64
521
211
34
238
193
213
150
162
19
338
531
529
247
395
132
430
456
310
506
16
239
210
115
54
481
320
407
377
145
43
362
440
172
2
200
66
304
114
49
129
341
462
217
436
245
431
117
140
376
260
83
255
537
271
487
185
371
474
485
309
159
52
8
79
44
163
501
96
136
332
212
428
534
264
142
528
109
448
36 356
149 2
411 193
404 7
364 194
90 412
375 529
413 500
258 188
10 429
422 279
337 130
293 528
464 109
54 141
286 427
377 385
431 528
196 84
132 235
405 138
32 527
538 517
512 330
220 180
361 164
384 250
542 75
306 122
387 231
511 161
132 318
458 440
296 462
264 218
224 59
529 494
216 415
370 383
423 246
290 14
223 410
511 514
14 419
284 203
363 252
151 102
236 55
431 35
459 32
534 85
122 479
270 131
362 115
215 8
207 448
448 525
425 533
530 135
200 121
323 399
423 11
398 166
507 534
151 299
197 516
530 201
257 311
118 114
112 193
474 383
236 398
178 100
263 178
48 170
28 275
307 446
469 422
346 257
83 250
7 95
140 486
531 37
507 168
520 82
425 140
332 465
346 259
81 180
516 294
142 452
259 382
332 164
60 527
423 389
408 504
76 336
160 431
205 260
230 236
374 173
313 70
395 228
490 187
403 412
142 55
217 175
133 306
272 400
393 527
79 225
343 440
543 541
178 121
72 115
424 396
239 178
44 138
377 16
166 458
191 117
152 268
106 239
289 250
70 326
162 236
153 542
265 13
40 16
58 179
416 379
490 461
326 542
362 534
56 504
415 344
262 513
121 470
230 456
454 413
377 290
73 123
62 335
540 62
91 218
160 203
59 344
23 104
448 325
60 339
351 443
5 120
147 492
178 488
417 17
