558 169 1495
449
442
390
486
8
172
365
485
173
129
311
310
50
165
64
264
539
528
245
22
350
345
112
353
315
154
130
446
533
397
469
160
344
207
372
97
308
454
60
423
150
411
234
316
456
29
300
257
369
127
510
509
250
175
303
488
52
352
496
347
197
511
244
134
161
84
523
328
102
448
551
482
438
7
255
386
427
178
110
103
513
69
53
57
174
122
189
148
289
32
396
269
45
464
226
306
425
515
202
157
493
307
434
375
281
176
72
404
41
338
86
168
200
171
312
554
238
384
403
288
276
432
459
205
61
228
284
95
342
235
355
544
478
211
520
420
208
483
101
59
105
183
405
537
48
443
209
337
419
429
354
360
265
468
451
516
107
348
73
51
210
253
47
19
462
267
273
504
484
406 270
233 269
220 66
453 351
99 241
199 557
503 248
508 286
116 248
425 146
159 15
473 535
130 261
251 383
238 330
262 53
382 433
205 504
272 402
114 444
332 558
20 423
314 163
371 143
455 341
153 436
292 495
40 191
110 7
227 83
248 251
21 81
53 538
537 193
305 160
523 527
316 91
464 377
83 23
35 14
112 178
286 281
219 173
136 191
54 326
379 46
328 402
36 169
380 487
116 238
154 521
41 477
381 85
266 54
7 211
120 40
366 337
484 520
120 252
233 110
78 250
483 315
319 483
317 123
305 191
446 503
378 242
269 427
73 198
331 120
308 425
173 201
461 372
15 108
18 177
232 480
414 268
189 472
208 25
446 385
113 444
34 488
519 479
347 258
48 211
500 533
267 540
68 239
108 90
395 276
352 82
268 247
86 221
262 127
480 269
168 79
402 456
117 201
288 195
281 541
193 515
508 505
381 106
95 501
6 41
553 72
118 34
470 372
65 486
107 394
493 152
235 36
42 499
335 497
390 1
524 359
7 417
308 466
59 413
189 475
474 553
208 281
87 188
170 548
442 277
417 360
498 137
236 111
145 178
541 204
256 314
173 269
283 358
359 372
450 526
391 549
455 312
333 67
542 257
123 307
185 154
233 204
271 363
485 150
346 148
164 472
540 478
539 178
178 418
306 272
494 252
216 179
16 468
470 404
178 163
343 187
68 363
228 183
82 495
11 230
237 1
51 528
350 357
191 269
290 341
270 68
453 440
490 353
181 258
313 247
521 391
535 554
194 163
40 188
91 218
529 511
154 95
79 191
39 135
467 39
409 498
327 99
532 281
86 457
374 501
248 45
137 361
35 223
78 195
417 413
279 521
303 76
342 462
94 140
311 436
328 124
46 38
522 289
415 544
204 190
223 33
82 104
107 85
300 17
182 321
335 365
501 10
496 455
519 338
419 471
310 132
97 338
360 291
37 133
396 175
233 502
460 235
10 265
158 478
32 437
358 423
100 310
109 346
481 100
444 154
226 80
267 105
377 142
316 480
530 484
265 138
118 173
84 246
132 281
531 189
332 454
105 52
106 235
273 156
77 495
128 356
294 541
141 7
230 504
138 304
209 113
537 529
200 109
477 170
474 187
57 498
17 182
37 101
52 10
534 103
413 175
165 190
411 455
514 411
95 151
224 132
295 82
296 470
492 212
289 384
266 264
490 284
438 440
441 207
116 444
544 47
33 394
33 67
276 468
369 257
145 452
455 133
338 407
353 155
331 274
410 370
142 259
232 9
138 423
470 536
214 140
404 479
3 397
159 516
536 380
27 433
431 360
56 499
136 236
181 432
184 266
368 230
535 262
343 1
429 146
231 122
491 114
180 59
279 426
494 437
379 446
195 213
58 61
528 390
301 10
359 546
352 223
510 441
521 152
414 61
455 99
251 222
172 540
253 248
400 39
4 500
423 67
265 176
24 464
529 340
71 43
296 400
128 513
29 476
169 382
236 29
451 96
387 158
35 72
451 538
358 289
58 317
448 59
142 180
379 360
357 55
238 97
477 322
411 307
202 418
412 266
38 251
82 227
317 32
156 367
29 356
146 517
219 413
366 36
503 505
196 99
334 153
328 83
366 357
238 127
106 282
207 378
55 147
483 481
74 471
510 427
481 461
333 336
432 520
266 147
140 73
16 338
146 543
545 84
124 525
256 195
318 41
484 137
226 324
174 535
488 334
547 352
386 4
349 482
538 1
442 393
299 542
404 275
184 248
469 183
339 11
547 271
458 54
383 505
223 284
436 100
174 522
137 328
210 490
291 552
541 316
303 547
184 42
94 6
161 363
198 282
19 175
44 417
52 285
214 101
419 517
301 325
428 299
189 435
384 498
159 191
333 264
193 524
367 382
136 58
118 330
349 310
148 96
419 183
269 423
274 263
215 276
25 21
507 143
285 43
95 257
98 227
339 1
222 468
260 420
332 112
35 51
107 237
459 458
185 337
189 384
262 154
445 539
86 63
27 174
79 540
398 375
43 170
222 544
294 521
494 199
2 187
476 151
189 104
239 178
360 343
30 434
121 430
113 150
56 519
295 311
204 4
28 14
275 31
113 357
494 444
324 353
179 105
459 283
317 216
261 64
516 88
223 447
86 437
527 354
112 22
356 362
367 206
13 28
480 115
93 432
399 257
193 517
375 403
45 70
421 43
235 229
117 84
4 348
95 372
504 495
287 162
490 38
352 497
222 55
332 64
97 421
104 477
345 350
402 148
177 363
29 327
182 504
424 368
372 358
283 192
264 521
126 361
8 382
10 411
482 357
197 440
494 272
23 64
324 113
75 436
487 531
352 21
224 6
161 337
222 408
99 499
263 370
162 498
296 418
536 339
436 543
63 415
399 78
377 43
396 455
150 164
294 515
71 142
494 185
71 285
293 33
110 179
81 285
262 315
176 385
493 383
379 335
496 262
9 42
375 49
363 121
168 231
141 229
18 96
163 396
304 285
430 277
3 270
12 122
351 255
406 520
5 494
510 156
464 52
296 356
331 418
321 468
66 123
387 291
5 198
350 254
99 169
399 56
299 494
380 168
207 506
311 438
282 216
3 403
42 465
513 248
23 43
533 251
46 404
281 511
494 521
465 457
49 419
364 101
345 401
418 191
315 175
386 255
228 14
72 408
284 254
436 527
260 446
476 482
163 294
158 206
3 165
160 545
77 312
360 259
310 475
462 45
472 55
55 478
249 243
459 393
243 372
465 96
316 500
132 537
251 269
217 166
272 292
249 301
232 238
220 134
166 96
266 114
370 479
151 477
285 468
436 483
290 109
344 186
27 524
200 516
180 99
381 469
177 503
244 299
15 543
553 92
106 223
72 290
353 375
280 298
326 45
340 198
489 177
258 69
183 231
410 194
304 127
60 233
78 84
254 213
516 481
2 131
96 495
121 15
140 23
246 406
375 110
524 478
445 95
515 259
493 276
281 377
82 192
270 185
487 474
538 67
246 462
327 326
266 278
160 427
195 257
430 148
498 338
82 351
152 435
141 267
409 126
151 325
384 334
516 297
98 12
466 58
548 144
119 290
118 190
105 484
496 36
144 186
83 309
321 372
41 523
13 162
389 139
412 36
308 391
488 101
265 92
354 447
91 158
546 61
536 313
80 107
255 401
442 26
179 11
269 334
25 491
16 385
458 252
231 219
57 289
458 112
397 35
330 329
368 176
22 342
376 313
420 2
167 88
184 391
201 387
521 302
497 557
361 4
139 356
63 38
18 379
324 421
53 417
418 175
173 518
453 355
286 338
336 94
483 224
487 408
28 411
442 367
300 362
310 494
128 112
313 288
546 484
195 166
245 190
148 211
339 515
202 174
36 106
101 360
555 209
413 150
62 27
103 352
241 93
113 516
524 147
154 418
295 316
8 43
103 119
184 338
87 464
216 88
527 23
518 203
166 443
394 391
440 482
359 53
540 98
470 460
202 106
304 470
245 535
495 25
509 54
202 203
145 356
425 238
337 443
17 413
170 449
488 281
65 292
519 82
103 378
439 426
142 463
67 542
205 412
136 60
490 557
426 76
110 349
549 427
548 510
136 380
228 143
341 132
177 552
117 502
406 513
326 492
141 140
16 528
363 4
166 342
486 192
189 299
341 530
252 231
131 52
237 265
37 536
261 372
476 71
411 281
94 314
262 150
329 519
379 31
301 311
153 426
84 463
213 69
460 415
434 311
202 145
32 235
420 276
256 350
487 58
37 36
211 428
154 141
458 27
431 91
393 244
184 438
283 384
217 279
253 185
66 31
184 261
12 438
145 386
211 10
4 434
351 318
165 431
392 280
125 353
296 491
321 384
357 423
264 525
140 505
261 271
510 235
94 345
454 362
546 165
380 383
275 183
145 309
377 522
461 67
538 358
183 276
524 35
377 232
551 511
33 258
405 157
14 200
390 496
465 84
289 546
497 551
342 307
344 266
175 257
379 198
61 470
543 73
7 471
557 325
63 348
381 385
513 149
293 308
272 258
18 267
63 380
412 485
94 20
430 123
129 387
531 386
290 484
509 387
109 185
292 209
257 335
497 503
42 494
207 503
30 95
88 230
75 203
457 216
289 148
217 497
531 313
187 268
58 411
402 455
354 426
396 367
382 524
232 147
163 397
399 519
79 315
526 427
105 445
343 319
306 148
57 506
419 381
54 443
220 353
91 121
328 397
109 384
348 318
109 18
524 54
120 355
404 426
443 212
555 252
452 59
58 550
190 164
244 148
62 218
108 470
281 451
500 343
552 46
111 13
389 266
221 535
298 73
382 118
114 465
136 125
369 374
475 406
462 397
322 494
449 71
337 297
529 6
61 23
94 291
178 101
523 14
173 326
166 2
56 40
451 271
460 30
292 38
490 405
366 324
340 502
330 420
335 300
549 495
405 184
457 219
402 152
112 5
225 79
361 65
233 87
188 225
546 465
176 552
319 214
305 294
53 246
215 489
194 463
411 393
224 416
222 407
543 339
329 68
182 531
371 451
557 519
82 230
414 451
314 99
184 93
294 308
485 499
72 528
522 402
207 436
195 376
505 223
259 473
433 376
223 341
305 396
114 205
388 40
533 155
305 101
313 54
540 399
508 158
492 72
9 106
346 352
173 445
188 506
271 301
158 388
65 235
548 204
304 514
175 437
156 469
130 476
506 181
154 455
550 276
301 116
364 219
463 383
96 100
397 55
301 254
10 442
473 433
266 139
199 318
53 164
253 160
71 334
139 229
544 73
504 410
297 419
511 527
347 113
139 489
488 369
354 89
437 348
247 519
275 148
153 73
50 165
165 320
35 230
180 394
180 226
222 283
359 312
420 266
514 379
242 438
267 491
54 42
66 340
32 359
557 390
344 41
297 24
67 184
57 109
139 167
237 471
100 334
439 481
394 404
240 383
445 45
421 261
555 534
402 140
296 25
343 176
145 508
122 463
129 494
128 150
22 513
163 411
528 256
352 323
339 207
5 374
189 424
306 281
558 445
34 109
516 448
2 340
514 64
376 22
182 158
161 294
20 512
73 514
501 554
284 202
534 252
218 60
476 480
442 334
494 287
453 254
117 70
41 554
275 146
100 87
315 96
281 54
450 311
353 37
212 439
220 9
105 549
97 213
125 157
408 294
36 416
398 539
244 308
104 550
516 499
228 324
234 446
143 351
324 200
451 222
267 75
213 332
143 107
266 49
67 499
107 308
413 174
445 297
424 204
53 146
175 517
70 431
405 511
223 203
27 71
505 161
426 45
309 370
404 229
130 282
33 447
200 525
450 292
121 312
173 392
187 385
227 442
142 83
272 419
548 524
171 247
161 448
79 190
448 272
320 257
160 355
520 448
237 547
252 71
119 2
343 49
201 499
515 1
503 261
362 193
470 351
265 286
274 444
505 470
372 384
477 64
363 373
350 174
547 266
99 264
6 360
305 73
207 144
525 53
49 141
253 10
411 115
307 299
530 480
514 156
251 10
57 114
70 111
496 225
327 470
525 416
198 468
197 352
343 326
382 25
204 132
163 38
45 75
261 7
173 513
477 260
311 373
43 442
191 530
41 92
551 258
556 224
314 237
456 458
250 392
543 68
321 230
226 133
238 218
258 62
402 135
135 248
277 530
455 440
371 378
232 127
82 418
129 54
180 122
71 132
336 477
358 205
205 274
245 307
450 460
387 148
250 83
551 192
198 57
215 400
384 180
283 323
366 469
355 555
372 469
151 554
140 146
89 234
17 69
9 380
499 321
129 558
35 42
487 177
429 53
219 339
487 186
474 90
7 434
279 460
420 222
386 459
125 394
516 151
299 134
527 531
340 144
443 539
470 156
84 411
156 359
448 3
336 456
376 503
172 493
289 278
71 143
424 249
184 81
20 156
445 195
180 465
485 482
438 382
494 270
400 302
144 524
167 423
60 404
310 306
116 477
50 190
447 319
142 163
535 511
492 173
349 216
490 278
502 517
457 273
185 364
378 179
457 550
556 400
219 335
187 16
268 84
328 203
259 143
540 442
95 348
124 117
252 444
135 416
33 267
140 530
18 37
40 254
504 370
368 497
364 81
228 492
101 66
373 482
98 355
172 538
256 84
38 270
347 154
129 362
36 388
191 179
493 165
496 358
503 289
342 344
368 320
259 193
323 324
510 405
316 112
558 184
475 380
155 321
523 63
146 332
77 184
530 468
110 237
44 211
185 456
461 530
116 252
456 205
120 67
204 87
425 467
318 12
467 493
489 273
82 132
208 553
233 212
18 300
306 309
99 387
380 523
199 440
307 457
146 208
61 313
216 106
535 404
300 433
150 46
395 83
428 357
27 154
351 12
333 342
176 400
388 418
122 254
410 268
482 324
251 337
144 317
453 407
381 204
131 101
404 67
154 205
442 192
108 396
236 542
459 437
458 491
216 173
302 480
513 205
96 344
248 240
113 198
125 261
215 499
555 129
400 537
148 263
322 551
254 340
336 143
379 136
327 74
547 328
240 251
514 257
127 353
486 93
134 167
215 131
306 356
20 118
130 211
317 431
215 254
324 146
127 110
149 66
374 516
247 26
414 249
161 107
272 12
381 493
556 493
106 535
316 166
151 200
281 90
30 58
51 31
215 119
362 145
359 352
362 433
292 196
445 56
134 329
450 390
1 368
554 231
401 256
297 292
432 205
502 351
487 208
166 371
373 139
98 458
225 477
128 21
107 14
43 128
338 323
311 6
501 324
379 199
539 348
33 335
