571 58 162
97
391
247
151
86
245
483
6
57
405
365
72
210
158
134
453
89
343
251
130
454
220
124
374
179
354
236
79
305
564
147
475
141
513
8
570
306
208
243
325
181
262
500
316
212
191
293
162
45
94
532
46
378
421
547
183
571
169
190 166
277 201
106 546
7 382
372 44
428 49
295 171
277 337
339 322
348 232
36 368
556 63
324 380
101 313
382 299
70 316
170 157
435 262
475 432
94 276
377 195
405 208
472 60
154 222
98 206
402 298
69 488
357 508
563 75
531 239
153 236
237 334
554 415
153 552
358 220
544 338
352 224
489 246
65 235
229 535
518 231
267 237
290 278
235 358
28 367
334 291
322 447
247 157
516 260
495 246
389 467
103 257
476 408
512 102
59 318
315 439
221 183
19 525
542 72
339 462
550 243
290 117
383 430
509 64
5 318
334 94
96 559
308 146
397 167
452 43
290 169
155 146
531 516
335 80
354 261
238 462
341 465
550 244
63 235
307 111
402 81
328 153
257 325
52 441
163 248
345 420
490 45
314 114
61 132
132 148
158 440
542 179
457 195
54 557
113 27
191 51
416 43
67 475
207 474
473 165
465 399
352 235
139 358
300 385
560 487
181 496
31 331
449 348
59 545
65 493
305 315
238 542
421 137
42 52
550 124
336 344
134 111
182 443
401 556
473 92
241 433
196 112
192 305
551 547
521 563
408 405
347 324
566 463
560 441
344 84
205 246
513 391
207 184
167 518
482 275
462 511
57 263
107 466
95 386
308 469
187 420
287 82
328 217
450 524
376 73
156 242
73 144
52 172
7 226
101 464
307 456
416 213
167 101
145 444
236 9
343 147
420 18
514 472
160 484
21 309
370 354
566 307
