522 38 831
14
352
182
262
259
463
409
320
233
42
129
97
500
317
308
286
122
179
258
447
364
227
33
414
325
12
199
184
420
492
193
305
297
488
309
111
203
146
28 315
100 113
385 499
167 119
496 462
435 305
203 81
161 250
287 314
191 195
308 127
497 335
145 228
279 490
69 229
22 130
407 485
16 385
304 337
229 118
37 370
176 404
121 178
101 476
9 310
333 144
516 179
81 306
355 248
406 331
214 95
74 455
325 435
157 411
343 265
156 3
230 297
509 143
95 485
506 276
37 1
180 311
219 421
358 22
361 209
449 454
411 114
13 370
312 281
257 373
88 220
474 296
138 198
290 204
336 459
423 427
405 375
287 37
444 372
283 267
9 395
73 84
421 431
237 383
63 313
269 397
95 115
361 354
32 380
411 278
472 408
175 319
238 405
487 336
19 396
322 499
488 99
159 237
131 429
190 185
151 189
37 35
147 507
222 32
351 460
65 312
43 495
160 372
386 370
500 156
54 207
299 208
212 172
283 65
158 110
332 434
355 151
120 331
415 50
518 421
119 39
362 191
470 139
48 178
38 494
169 25
345 465
424 11
369 242
415 333
495 226
167 90
123 401
407 18
243 108
330 446
461 216
364 143
318 125
29 304
427 299
292 130
386 306
352 390
3 33
22 25
453 425
173 135
254 222
454 258
177 250
83 344
436 514
412 108
153 112
388 53
267 445
25 253
66 375
242 128
162 194
334 178
478 143
310 50
16 227
478 200
469 512
355 397
427 202
327 254
4 78
252 123
205 369
179 294
101 149
476 166
448 464
389 52
347 437
452 104
461 194
448 254
313 198
245 284
155 154
147 7
219 372
517 160
430 8
502 79
522 233
522 393
503 57
238 449
122 22
324 434
180 431
229 107
304 236
260 453
45 349
244 178
145 364
314 383
173 451
464 139
18 145
1 15
477 17
316 448
27 104
176 279
42 30
325 487
474 113
417 31
456 173
332 362
318 30
74 152
231 42
421 394
464 172
507 43
55 395
399 54
174 374
488 495
146 114
213 376
275 174
459 251
439 282
193 292
244 233
6 425
380 214
23 511
120 112
272 197
71 101
513 514
268 349
434 94
234 23
441 333
367 124
167 423
163 335
190 437
219 87
141 316
274 521
360 423
448 221
498 141
357 349
129 454
474 53
120 210
469 204
201 512
473 384
381 195
489 8
88 18
14 121
335 164
246 516
125 44
429 288
13 333
60 207
134 432
217 460
313 76
108 280
358 221
262 330
219 393
370 422
379 90
310 99
158 494
453 499
437 161
462 467
419 425
383 212
359 197
46 159
386 121
409 274
289 352
175 207
281 276
285 9
438 454
32 315
442 493
449 468
448 154
236 472
48 436
364 37
268 415
75 368
402 147
134 274
162 34
459 92
145 502
363 490
129 275
349 460
471 486
283 60
105 165
170 264
44 457
418 30
163 178
452 79
68 46
224 35
303 475
382 371
32 225
367 133
440 244
296 197
30 229
120 245
174 397
339 177
380 171
492 118
161 461
305 420
10 302
14 205
174 337
229 387
501 282
224 13
175 303
211 261
463 208
269 338
365 43
44 300
155 348
183 436
70 499
298 143
18 351
161 365
266 400
443 492
82 124
270 376
30 73
327 366
480 271
183 272
219 376
143 459
257 174
490 386
325 193
274 196
383 317
29 342
246 136
285 168
158 249
467 255
382 359
158 266
34 197
330 389
351 518
109 488
492 214
468 199
27 68
153 176
237 277
94 470
196 141
153 284
493 275
269 177
383 106
17 224
114 438
290 446
282 302
260 403
44 210
257 107
151 87
9 462
147 380
112 476
434 263
370 462
46 482
433 472
420 303
441 74
281 212
335 262
383 504
351 139
12 193
145 319
509 90
301 102
424 276
22 205
423 469
476 261
474 287
119 270
6 42
104 80
287 120
95 207
240 278
125 319
249 225
355 190
133 279
379 109
130 183
356 252
62 201
396 6
250 326
44 400
173 203
474 121
237 48
38 517
272 450
375 147
150 156
309 465
345 401
129 225
357 7
305 494
481 459
300 340
185 467
338 432
125 48
248 326
417 3
187 42
343 349
348 481
297 463
86 386
31 223
381 21
272 316
32 237
117 466
329 49
438 54
191 20
7 288
88 470
459 222
121 15
57 49
513 361
117 187
392 437
326 241
51 488
385 97
447 145
280 349
20 121
402 309
468 424
227 143
379 401
345 292
87 287
328 499
82 345
269 164
124 308
348 318
120 25
190 147
10 282
362 57
436 272
227 379
496 48
179 348
362 266
281 72
144 476
184 349
486 485
36 492
27 14
521 193
238 478
430 228
197 372
431 266
122 217
224 133
137 178
160 3
443 391
268 220
165 515
372 495
73 397
272 460
284 105
19 306
22 104
12 190
228 305
31 516
319 369
311 345
205 127
152 302
406 54
33 364
265 307
183 373
339 148
445 243
137 38
292 296
91 24
314 146
399 192
203 10
518 111
275 322
472 508
60 470
320 209
284 518
453 416
488 220
4 97
51 222
142 504
236 503
277 110
337 466
509 86
421 24
27 89
306 475
61 283
27 348
422 328
316 373
30 15
488 175
187 164
156 282
366 94
399 75
480 335
95 257
501 56
141 120
509 466
6 331
437 415
371 104
460 151
224 139
352 403
171 364
477 337
333 471
341 424
359 147
424 285
390 312
181 180
270 99
31 131
472 284
287 62
56 479
501 438
511 186
23 60
223 420
155 462
24 240
496 475
89 195
181 239
138 266
421 277
162 9
475 247
356 357
60 28
432 80
14 232
140 175
442 274
59 325
354 521
22 243
151 199
163 106
49 92
15 86
220 183
288 467
151 219
220 25
483 460
26 380
469 463
80 236
325 170
419 349
304 395
118 513
466 108
165 330
30 264
40 250
115 54
161 302
210 486
427 438
223 77
67 46
444 169
72 61
56 481
283 488
116 269
298 353
427 471
418 429
150 323
292 233
84 143
253 350
449 389
182 57
496 203
419 236
367 158
415 246
438 2
175 42
493 487
415 84
48 65
323 107
208 370
385 154
195 424
214 26
229 316
434 437
297 391
351 51
295 86
409 425
303 127
17 8
499 52
56 115
171 56
151 193
455 456
298 261
148 3
457 28
87 72
515 53
37 469
392 430
57 187
503 400
305 215
29 336
150 483
358 2
114 448
522 520
488 226
41 352
510 353
407 182
168 430
90 319
157 197
518 354
249 269
281 508
228 207
33 345
385 325
429 165
117 58
454 377
421 185
73 481
394 19
520 402
78 468
244 120
384 303
206 170
133 235
48 181
265 310
52 38
411 465
115 58
126 122
98 391
242 96
107 511
354 246
308 392
276 508
152 504
370 264
170 191
175 255
115 370
66 433
66 522
205 1
181 126
425 138
285 264
308 89
90 268
30 481
226 56
208 97
166 493
464 161
447 402
463 379
154 498
197 429
221 384
328 260
500 195
353 47
382 521
403 422
214 308
342 41
390 433
175 60
356 461
426 269
309 152
296 438
377 495
197 398
375 80
395 260
260 461
445 229
17 239
409 447
83 330
344 437
266 55
193 175
222 478
386 112
312 33
71 334
19 484
497 6
244 91
375 453
395 187
112 405
307 426
177 384
4 469
484 397
291 44
299 68
7 194
489 325
430 115
28 302
20 491
388 348
365 316
80 180
135 488
463 49
232 490
25 394
417 439
391 354
394 24
469 301
31 25
222 350
362 514
479 97
312 256
30 8
16 209
156 118
260 404
414 93
33 411
423 353
154 431
394 101
137 263
256 368
259 356
51 104
88 381
299 51
315 297
96 238
499 155
407 297
316 8
54 513
129 2
365 309
