616 41 983
354
457
51
305
426
81
328
391
69
521
511
27
495
197
25
102
171
612
463
313
378
516
542
365
523
431
559
409
91
199
187
295
277
172
514
504
432
304
255
352
434
95 54
281 254
371 184
161 226
430 135
205 389
110 560
263 488
163 67
610 376
3 528
543 429
24 213
432 318
86 471
132 396
505 47
13 45
506 300
378 100
288 18
558 531
357 234
5 342
325 288
75 207
222 413
418 388
506 178
160 74
305 110
452 413
497 217
118 465
596 401
334 255
433 21
101 180
172 269
61 438
276 560
127 353
358 562
318 309
546 338
531 390
92 280
204 407
371 463
433 506
202 395
71 337
220 494
499 149
373 145
501 522
365 129
552 449
470 331
101 358
132 298
44 548
79 585
114 135
230 499
223 313
534 279
148 488
580 584
290 369
232 247
240 211
21 469
270 365
172 60
440 526
187 71
288 71
119 15
8 307
28 122
275 131
349 529
381 452
446 207
593 26
272 533
472 586
176 14
72 98
77 257
260 363
65 182
259 443
321 563
349 116
50 594
460 554
594 431
565 437
82 578
115 132
211 43
157 196
35 261
273 546
238 399
329 508
46 291
81 383
349 37
298 274
520 162
198 387
385 208
224 206
557 44
251 249
540 107
152 442
64 478
20 209
135 401
165 24
544 582
14 245
616 456
528 492
363 121
393 275
586 548
517 70
474 186
426 551
87 157
380 250
37 343
594 351
49 76
340 126
23 76
256 407
465 64
204 212
413 447
616 103
588 42
249 236
386 24
515 373
256 215
412 575
146 206
55 268
214 174
605 354
486 584
110 238
153 543
516 303
303 509
5 163
414 461
4 615
288 119
410 347
318 410
304 209
398 81
234 315
57 126
204 319
196 518
466 184
31 365
545 598
42 155
266 247
600 305
420 296
176 547
8 203
357 248
463 373
514 265
359 457
576 402
125 524
311 372
235 440
265 353
603 30
227 603
220 445
466 2
48 596
4 114
513 558
139 59
28 114
19 361
2 57
600 243
451 543
424 376
78 159
116 136
436 463
443 195
530 382
581 360
320 389
417 194
393 325
476 447
397 464
67 459
436 481
90 111
249 489
38 343
208 274
536 476
91 529
542 359
54 117
162 88
7 216
528 609
411 155
388 142
369 605
595 280
450 359
566 467
260 595
161 6
58 140
491 406
538 445
18 419
52 123
314 72
561 53
479 515
159 48
436 453
425 332
295 235
170 290
72 364
253 48
231 493
106 49
347 604
201 313
134 394
366 340
199 345
302 14
366 408
501 570
13 326
91 45
476 490
444 8
325 11
389 154
335 364
102 191
37 459
120 574
452 487
302 382
507 77
423 403
249 433
533 333
24 443
251 303
386 139
488 343
68 499
531 612
403 590
349 393
490 531
570 35
10 72
369 332
349 134
328 276
61 320
456 548
289 521
615 551
569 476
11 612
28 323
482 471
463 128
256 179
220 174
401 141
60 296
209 589
327 181
184 548
209 432
507 179
571 341
199 115
156 136
264 488
190 128
19 510
63 279
146 264
144 221
407 249
205 384
299 465
346 240
15 545
170 392
259 165
525 371
480 481
444 373
374 95
387 314
200 70
64 427
345 10
351 178
481 558
493 301
120 259
455 338
187 342
115 92
533 112
281 131
568 387
55 330
51 394
391 295
333 387
131 229
163 392
354 180
261 145
464 609
451 419
153 197
492 296
241 445
561 468
326 280
571 138
385 178
94 407
572 159
466 55
211 265
511 329
574 607
489 338
71 274
326 488
412 445
228 315
224 48
244 326
7 115
112 244
275 415
604 242
322 59
263 171
330 22
374 457
125 457
555 198
518 178
161 164
521 550
533 466
12 547
43 14
551 23
433 343
284 167
424 117
34 441
493 82
555 526
370 235
208 464
442 328
274 605
197 456
164 101
290 568
85 192
355 175
468 61
537 59
270 117
85 343
608 24
72 475
258 319
296 228
421 474
416 254
607 27
217 547
532 286
345 162
244 419
563 304
264 353
157 437
34 428
611 430
616 52
566 251
329 517
195 327
234 52
66 85
529 604
119 102
589 531
81 136
407 272
66 614
63 212
580 469
221 599
279 113
72 222
450 608
331 52
41 361
68 330
24 293
496 482
35 584
517 300
315 359
74 454
298 221
64 212
96 100
357 49
150 388
42 508
141 85
466 109
528 178
527 133
597 388
373 161
37 238
538 323
399 229
88 353
57 509
538 413
234 346
475 123
57 424
456 34
304 354
362 591
64 548
408 393
330 355
339 492
163 246
432 339
230 550
244 26
487 303
501 470
281 103
321 11
290 240
270 191
204 416
531 451
369 265
287 131
595 11
517 222
265 247
188 184
528 525
211 341
339 338
522 414
341 458
14 26
534 351
581 448
124 296
509 300
206 349
198 423
570 479
118 455
84 519
550 574
598 397
442 171
590 421
252 387
507 491
286 427
422 408
215 359
200 20
344 419
139 548
458 64
46 347
614 60
34 166
497 426
473 248
471 394
514 18
456 491
298 315
523 281
180 606
512 40
42 558
276 594
156 412
225 415
29 612
14 94
589 91
226 358
19 241
38 165
265 468
441 608
235 257
406 31
469 163
286 331
486 68
383 4
432 184
373 272
415 252
340 379
139 400
603 224
248 614
574 359
119 316
99 173
72 451
172 438
498 358
20 42
289 172
483 346
174 460
137 212
468 487
28 311
31 297
532 174
275 199
489 579
564 36
1 218
61 21
493 437
451 514
533 587
474 198
471 554
492 408
226 384
55 44
39 487
194 250
139 79
183 276
360 349
251 209
233 599
161 234
104 117
246 602
558 279
50 26
331 445
289 468
162 449
28 532
193 511
7 282
127 318
133 557
107 207
57 234
145 370
419 74
414 582
143 601
576 302
197 119
498 18
503 570
306 94
348 4
22 468
532 418
447 385
536 51
326 233
137 131
549 474
313 431
322 465
176 434
123 391
334 395
423 3
550 171
590 237
199 208
472 494
579 165
568 248
465 539
7 423
441 367
307 33
473 406
569 314
516 507
128 77
480 5
212 321
199 356
358 404
558 399
28 563
439 30
185 370
104 13
482 300
59 51
216 31
43 435
610 232
491 243
33 88
5 444
243 295
424 48
23 452
582 145
488 96
330 57
160 367
58 20
535 12
505 100
602 354
395 301
357 2
84 308
287 129
315 256
179 131
406 73
506 407
131 516
260 615
361 382
480 444
442 306
317 422
515 520
352 578
60 160
309 265
173 255
338 96
130 505
81 547
346 210
114 158
30 384
276 412
410 293
372 75
173 29
205 521
227 33
383 213
15 211
50 180
361 145
352 517
545 345
147 342
255 241
577 93
29 242
581 224
512 600
217 34
488 151
515 538
157 314
73 216
180 225
506 453
54 138
348 201
30 4
449 608
7 516
14 290
510 358
479 417
283 339
262 501
531 403
49 538
57 109
267 482
281 278
566 315
126 455
46 563
455 497
169 614
281 404
185 13
388 306
542 430
351 264
239 94
359 19
369 611
348 6
250 535
234 215
455 399
416 19
586 317
200 394
476 521
592 590
607 400
567 339
471 520
218 354
212 18
559 309
578 434
366 597
222 29
394 374
413 159
41 190
434 233
603 263
574 538
470 455
222 80
573 224
101 308
442 66
578 464
135 37
246 334
282 95
347 564
273 367
263 41
570 595
121 261
411 355
12 463
552 364
517 249
338 515
1 220
117 236
209 372
214 504
544 428
259 262
278 513
188 301
415 554
266 318
571 332
526 172
473 131
446 198
577 582
67 133
428 196
380 604
604 435
246 493
574 294
105 381
489 585
373 443
527 225
545 490
588 323
23 70
576 333
303 357
206 452
480 282
409 228
434 90
561 153
271 557
347 4
150 500
511 54
601 71
555 102
177 253
36 497
318 344
514 535
220 574
391 398
137 55
343 506
31 400
363 552
67 399
339 351
6 12
55 15
616 20
134 469
306 282
102 294
70 348
365 101
521 493
496 50
522 52
143 204
172 109
316 272
6 280
458 2
78 411
599 396
128 172
135 397
525 258
268 226
119 13
503 502
563 461
333 362
318 32
422 443
616 193
384 509
218 365
337 283
459 126
48 12
350 80
214 280
616 77
158 230
117 240
177 171
544 220
40 133
64 131
454 30
26 567
263 475
203 541
293 503
247 418
564 31
79 601
105 150
304 335
130 168
231 69
116 243
408 616
213 99
330 317
604 128
94 275
366 10
506 179
575 508
61 177
519 270
133 335
489 283
387 493
131 581
277 355
469 542
242 71
195 292
82 470
336 391
565 63
384 539
131 177
213 341
280 520
499 549
485 230
15 162
583 255
485 405
7 447
186 484
192 556
510 134
216 200
162 246
314 205
183 326
186 342
498 601
507 429
428 431
225 427
78 425
465 527
194 407
588 104
276 476
366 372
221 364
472 529
153 515
152 579
578 595
149 551
200 268
170 51
378 105
573 41
344 527
145 33
150 456
456 457
434 171
371 588
37 209
567 19
29 526
301 2
153 478
473 179
383 135
83 7
532 274
