788 18 1608
607
564
594
344
44
255
398
311
312
638
623
178
686
367
443
384
499
484
59 630
597 566
122 175
358 388
197 418
360 126
245 784
748 141
150 410
654 26
232 447
316 126
591 312
252 678
41 625
522 156
344 648
145 129
718 319
260 507
626 129
460 473
697 403
596 721
561 468
337 520
182 483
774 482
39 630
339 621
268 260
185 560
352 766
759 693
436 338
710 82
572 776
556 773
497 693
110 586
562 689
745 771
122 35
466 362
204 664
746 180
408 711
375 736
29 721
166 443
449 478
758 76
235 590
193 451
519 302
464 633
121 58
785 663
764 280
196 490
472 523
174 785
622 727
449 316
301 706
407 74
85 196
326 555
449 222
521 390
380 135
691 211
645 223
461 255
2 102
513 98
154 758
786 558
354 375
174 326
135 463
314 28
230 120
557 171
159 290
603 14
157 305
585 285
172 8
464 531
394 151
25 666
409 222
280 63
721 751
650 78
223 284
210 724
525 193
393 275
163 716
424 464
356 67
712 285
398 618
348 747
770 536
484 101
634 6
304 759
584 476
332 231
369 205
554 325
487 702
515 539
366 2
236 526
460 587
416 521
747 716
419 402
780 337
36 278
699 53
265 65
30 433
575 744
419 130
665 547
514 361
123 508
229 133
640 650
591 435
687 721
282 661
404 202
548 248
149 133
272 708
66 685
357 489
143 454
692 667
491 11
466 15
286 413
34 493
761 123
131 455
459 140
510 757
158 717
502 378
257 174
722 610
122 142
116 559
47 550
3 16
754 656
51 659
628 248
2 272
213 468
422 124
191 119
642 500
287 515
37 32
547 73
484 583
658 487
35 74
280 688
489 515
151 775
642 695
183 229
443 410
457 135
366 483
220 296
346 775
362 582
12 510
534 721
769 258
725 220
749 440
247 260
650 759
628 252
659 548
404 272
342 300
711 460
160 73
692 326
448 715
74 358
672 442
651 702
98 225
724 103
504 712
9 228
392 512
663 380
618 22
64 332
36 545
116 57
456 677
129 753
689 62
257 557
748 233
242 391
545 700
32 328
4 179
63 289
161 381
668 707
194 328
79 535
738 775
391 246
608 233
338 167
429 652
507 370
104 51
512 174
601 773
430 180
480 712
517 457
312 342
724 636
216 510
597 454
18 440
185 623
433 390
391 79
710 583
316 73
399 226
665 209
290 328
408 76
88 258
111 548
337 624
628 675
540 369
722 566
87 614
192 306
246 612
294 30
773 589
769 261
60 760
188 469
131 100
346 650
299 529
178 727
659 684
149 711
510 166
196 235
301 574
673 114
242 754
715 322
582 516
474 410
397 749
591 299
648 736
459 359
168 574
127 237
58 464
134 268
430 544
779 38
136 121
59 631
384 517
418 318
590 166
378 560
787 461
21 372
427 504
243 499
605 93
677 109
625 171
445 643
298 368
206 465
498 662
514 737
523 283
788 536
766 686
411 285
133 574
304 319
424 497
722 263
88 782
608 683
509 396
782 636
389 512
718 184
209 102
181 85
383 209
157 717
145 431
469 551
187 290
736 631
757 265
576 529
750 257
74 742
650 57
492 525
708 32
114 694
68 392
678 28
599 401
608 255
174 574
558 783
47 750
43 687
123 786
349 133
409 294
746 704
422 680
23 592
698 452
773 193
217 588
505 148
108 130
168 703
90 507
28 581
343 47
535 370
433 589
691 225
686 91
333 140
697 764
448 183
725 743
782 610
486 487
52 769
190 221
318 448
259 580
225 314
423 230
176 213
665 760
273 141
593 503
504 556
256 24
522 173
637 16
466 2
489 690
754 511
83 112
345 176
549 95
233 128
598 277
553 531
212 220
78 679
411 162
476 81
537 153
189 247
285 750
229 572
162 37
116 272
261 571
42 593
331 530
402 1
738 492
256 349
731 673
520 708
724 593
118 362
322 685
291 767
225 704
344 764
473 120
376 216
672 400
102 733
23 427
611 438
548 267
238 633
40 673
265 302
125 533
464 499
593 328
407 633
491 390
388 727
374 675
192 147
468 129
718 411
522 674
507 498
312 698
785 140
191 666
509 692
731 634
529 239
783 532
423 246
723 295
575 749
259 711
153 632
231 735
690 692
166 461
263 713
4 197
245 764
202 172
724 610
326 16
621 392
521 57
765 624
558 354
293 354
195 72
159 236
102 668
273 406
186 165
565 294
393 324
294 431
230 133
260 656
420 300
197 476
707 545
334 485
368 444
464 38
412 559
279 693
731 596
134 434
79 401
634 701
531 541
65 358
226 97
412 67
502 596
637 135
301 750
680 83
609 394
621 435
539 707
77 605
222 394
716 646
189 50
525 687
718 490
350 512
741 283
15 576
443 477
217 124
729 89
573 568
134 163
29 217
175 81
283 436
72 479
53 261
498 138
574 94
81 54
457 504
173 423
258 592
537 173
189 777
312 136
563 729
376 34
231 188
452 458
589 430
219 253
778 546
619 572
538 392
154 659
641 414
688 707
201 421
189 301
89 728
17 197
59 177
121 584
549 397
8 500
488 195
713 769
226 3
390 395
588 573
515 404
99 592
785 53
284 142
340 733
264 40
725 762
566 264
688 715
258 754
283 676
67 38
291 224
331 272
435 158
340 546
89 379
398 456
438 91
491 734
110 696
138 378
391 452
156 54
661 76
424 577
361 337
584 472
67 622
750 710
107 115
199 703
663 566
364 93
620 131
697 175
506 410
697 437
250 118
318 238
174 496
148 86
309 184
139 91
40 557
481 32
595 300
553 590
629 500
473 407
419 498
767 284
648 549
381 581
387 474
695 706
682 551
409 705
38 261
462 429
20 2
741 56
475 564
188 704
200 153
644 146
759 22
493 479
282 366
269 643
686 695
104 304
493 171
519 368
784 109
543 672
145 10
561 688
103 159
104 284
613 649
129 452
427 445
626 676
301 370
357 358
717 146
88 46
734 152
716 523
404 463
14 118
692 405
128 70
467 591
147 743
767 46
221 560
587 492
662 592
11 432
433 437
764 73
342 101
358 420
528 159
710 28
24 453
231 100
62 306
283 336
171 520
296 102
588 94
76 612
142 32
786 96
202 347
95 286
470 370
533 157
145 767
317 380
424 360
746 444
92 360
705 244
509 389
356 233
342 360
297 9
486 241
205 709
567 68
99 374
300 114
513 741
101 773
55 629
333 300
128 340
110 685
682 268
95 460
14 367
716 589
408 137
116 143
108 697
577 752
39 782
488 582
335 186
768 62
645 417
738 639
536 465
95 345
351 118
448 112
231 587
207 43
97 400
643 482
68 317
568 176
362 484
215 353
274 83
335 634
224 46
172 427
446 46
36 64
587 199
326 435
87 341
622 635
783 699
590 557
749 438
318 586
452 511
510 721
457 424
259 406
440 395
45 86
734 245
48 302
610 288
729 5
644 502
200 625
609 509
307 61
370 524
312 630
357 552
708 583
623 566
750 743
411 345
70 176
625 158
440 718
134 365
274 51
689 437
199 456
402 431
381 256
740 427
377 708
566 315
659 520
294 303
596 371
307 334
138 330
386 393
274 376
485 445
649 554
26 693
535 432
695 556
278 339
655 277
136 625
101 165
481 375
448 596
152 198
239 532
48 144
372 432
284 160
629 616
403 515
652 341
529 708
779 586
351 739
364 248
488 184
774 294
159 660
19 57
568 458
435 706
39 370
109 592
590 221
784 377
174 426
525 427
259 776
307 685
287 419
600 476
31 109
92 596
403 363
532 620
57 390
308 690
368 20
603 54
69 628
38 121
604 261
356 316
719 438
270 595
329 59
266 50
557 726
744 684
438 10
102 367
132 11
17 679
406 138
732 759
281 284
40 460
696 106
488 512
253 67
258 540
38 23
213 368
381 95
704 523
515 603
155 312
688 214
417 265
509 347
481 687
718 55
275 88
321 554
358 745
705 279
86 704
565 784
226 622
212 227
307 644
405 88
412 679
369 138
143 125
775 53
297 14
685 30
520 159
29 679
478 463
424 687
113 285
702 40
377 464
216 262
585 702
125 96
339 199
312 601
221 669
205 219
583 549
649 642
64 649
231 284
108 461
36 234
533 59
760 233
222 211
515 191
218 28
536 677
408 452
437 24
443 206
430 410
758 545
415 525
591 71
359 616
446 640
440 145
658 545
219 558
4 667
560 120
698 145
554 268
386 231
332 248
437 262
435 163
190 362
120 225
188 406
532 152
606 677
308 599
462 400
289 72
505 650
442 88
151 202
577 427
221 547
134 38
324 460
340 382
787 741
601 687
422 757
626 283
24 502
154 235
600 565
282 205
436 611
15 703
599 233
3 243
774 31
41 190
501 18
725 254
691 514
772 10
720 544
713 204
133 707
63 660
610 79
553 344
781 350
606 709
534 557
363 428
124 558
617 451
51 586
359 730
196 221
695 101
326 180
447 593
404 550
607 434
187 277
45 700
411 212
181 537
699 240
124 122
18 25
636 116
494 715
283 50
40 240
254 445
431 611
104 39
754 370
7 543
485 392
83 272
148 345
743 560
344 208
646 2
519 233
572 88
69 644
108 405
46 550
432 239
291 700
753 161
637 492
577 534
781 645
163 615
161 767
725 572
60 375
555 156
658 317
271 748
342 604
182 506
158 404
680 205
201 225
272 547
278 662
750 729
555 436
468 15
620 578
702 154
330 639
255 746
626 70
611 740
190 396
119 158
233 449
95 783
619 656
705 63
440 620
647 336
117 208
175 715
458 69
630 188
45 325
289 79
521 330
418 208
405 744
658 699
46 176
137 321
585 244
313 43
751 595
147 608
375 121
95 426
241 755
571 772
696 68
119 434
123 428
366 173
761 738
22 180
438 339
399 312
199 161
731 19
215 449
204 16
259 383
716 415
491 593
616 417
556 306
628 518
516 728
403 73
525 136
772 480
360 186
356 664
608 46
181 370
642 88
18 403
349 158
558 35
574 97
433 575
545 30
196 743
671 84
631 168
387 489
8 272
205 628
774 244
731 357
283 644
567 652
130 281
100 65
580 656
96 452
421 604
628 538
299 58
371 741
152 10
348 178
650 33
718 2
535 17
365 640
34 428
226 155
178 501
160 48
686 228
297 599
113 389
560 659
701 380
521 634
421 256
754 496
664 341
431 274
86 101
541 92
500 527
314 127
386 468
520 358
406 122
444 326
119 649
114 7
334 137
413 744
445 127
487 240
468 276
58 2
590 477
623 695
229 339
703 155
781 732
360 544
21 421
596 310
367 597
413 512
493 297
487 121
678 612
392 557
729 136
314 508
378 633
779 678
13 415
158 439
576 428
14 454
628 312
572 190
363 286
643 64
730 500
358 299
7 551
330 376
201 95
722 388
137 513
691 280
30 637
287 122
113 437
161 102
436 672
408 733
479 509
724 672
700 683
560 707
733 52
626 144
41 79
282 84
227 546
750 399
381 497
405 511
558 144
381 538
198 418
497 563
26 514
125 61
658 52
29 540
18 494
301 417
286 728
505 419
758 609
100 448
607 559
484 39
492 467
51 590
171 659
211 617
775 341
705 684
698 555
702 316
213 743
177 641
389 783
668 394
123 659
274 329
629 389
713 257
361 689
108 357
131 258
126 545
238 247
212 775
734 293
727 383
685 540
626 300
421 39
648 644
762 322
638 600
478 163
449 631
329 319
170 697
525 779
272 248
15 45
186 606
528 769
277 139
280 372
667 255
661 728
119 215
515 735
625 152
451 187
118 516
638 491
658 768
501 355
164 421
467 733
34 265
383 71
234 599
190 504
61 67
419 694
203 634
272 215
414 732
123 637
540 276
733 350
256 389
591 325
152 718
337 554
745 654
620 89
482 645
238 359
423 313
486 542
225 149
579 375
513 607
35 576
421 383
694 382
577 528
1 334
632 184
668 656
721 633
657 513
623 718
354 620
777 613
320 541
285 326
285 454
494 38
681 559
544 649
436 582
565 430
550 78
190 88
218 94
687 240
730 40
70 71
334 424
4 620
331 644
264 133
498 152
97 596
592 482
548 102
146 653
601 738
505 599
21 714
361 158
133 412
550 663
54 452
189 160
27 781
738 143
176 702
689 614
308 167
377 120
196 663
672 312
34 117
220 531
580 72
550 410
227 584
280 591
229 518
504 317
594 19
696 217
452 472
263 280
476 317
85 47
259 639
154 672
515 747
172 608
693 61
81 609
787 224
734 611
594 328
425 150
118 457
108 184
484 198
466 411
175 481
633 292
141 306
432 280
161 258
737 284
419 102
285 433
677 330
82 326
47 61
422 108
28 84
31 725
375 56
19 381
234 407
691 696
596 768
589 468
727 719
345 713
721 449
183 583
452 444
567 244
260 758
416 540
73 249
381 136
276 727
619 280
231 164
731 297
49 628
787 490
69 75
724 686
123 703
690 213
712 200
30 314
321 19
581 748
459 246
80 447
360 89
94 614
57 473
327 16
86 684
333 88
521 409
237 101
348 671
552 747
624 540
560 414
600 529
764 127
187 515
325 345
86 161
690 252
659 699
367 542
536 357
54 290
552 50
203 490
66 195
470 678
722 416
562 290
360 740
511 512
627 780
150 683
425 195
298 509
225 537
646 214
467 67
284 753
314 114
257 24
471 336
394 508
43 532
210 629
281 239
778 80
634 362
582 32
179 423
481 187
35 749
336 695
261 8
9 184
705 619
711 116
603 591
715 678
681 168
562 205
40 135
416 168
375 614
133 607
117 440
153 454
82 354
566 205
397 231
366 759
584 375
617 214
193 618
234 694
117 219
700 252
574 103
62 480
613 207
520 604
322 191
150 343
374 51
776 179
68 329
78 624
464 304
725 332
242 19
608 253
687 192
765 773
627 553
7 85
149 199
586 131
625 677
84 168
360 709
145 142
176 334
644 38
380 635
248 576
200 307
586 84
31 334
316 536
141 233
6 178
769 551
6 157
189 49
697 522
307 645
788 394
96 332
143 119
436 447
687 647
278 524
575 602
593 94
20 106
565 604
353 53
91 283
535 550
17 26
408 244
647 464
666 484
330 191
489 55
236 285
494 20
712 440
493 301
227 472
724 717
539 654
405 299
586 635
637 781
132 457
610 777
271 514
544 300
352 164
768 437
586 247
667 48
75 622
358 473
715 554
37 405
624 513
785 728
626 140
454 49
385 560
257 372
498 346
293 209
91 45
695 412
290 413
678 501
646 167
531 647
727 246
228 403
628 721
68 624
232 349
103 334
769 78
645 408
371 646
412 305
461 666
742 727
127 391
671 123
310 435
548 389
329 260
745 296
686 640
299 705
767 278
294 660
712 293
621 319
