625 35 1596
113
415
48
490
149
598
19
216
330
364
481
562
62
477
557
198
228
138
310
20
375
336
316
594
319
38
405
32
186
146
18
150
609
501
367
526 25
50 244
199 464
173 622
396 244
205 105
550 251
41 456
218 579
52 482
226 122
41 537
310 294
597 518
89 357
170 140
404 486
481 313
320 172
599 159
348 198
572 13
406 87
154 152
98 325
243 142
204 301
610 236
5 385
355 431
104 296
272 541
188 428
238 553
388 171
149 563
410 90
60 462
253 372
613 565
246 127
12 382
451 340
508 625
624 75
84 128
556 11
357 157
300 197
164 211
553 509
229 563
622 603
21 50
85 23
56 280
209 197
622 373
582 2
122 521
91 473
589 513
528 117
162 63
334 299
318 16
250 118
413 187
418 34
57 59
601 226
451 593
242 385
160 142
299 395
314 584
65 495
47 221
503 429
16 391
446 349
244 619
312 293
151 491
380 584
438 556
579 129
70 4
95 347
314 305
326 27
88 562
283 19
55 48
131 549
322 579
185 419
490 396
151 550
408 374
388 360
572 372
494 340
553 217
197 212
602 253
504 488
529 430
576 197
180 273
9 498
241 240
307 46
111 153
445 319
8 106
73 442
403 487
490 238
527 42
522 381
458 544
621 188
114 529
4 218
57 286
610 266
162 289
56 96
362 98
52 154
111 155
80 556
430 411
207 237
576 46
440 269
611 1
372 208
33 341
458 23
229 134
515 565
86 498
483 521
190 234
425 376
72 248
279 157
510 579
589 200
506 236
435 4
337 382
483 130
267 599
618 280
92 200
68 258
600 532
149 96
66 72
46 260
447 125
556 528
38 118
94 157
130 145
379 517
311 265
2 561
256 284
120 445
435 295
556 494
321 280
113 176
58 500
94 394
274 128
343 552
408 575
575 430
40 177
525 370
361 444
538 355
507 153
374 122
44 282
22 34
4 269
236 525
138 532
129 323
390 442
110 176
32 382
50 1
490 48
90 97
431 240
607 369
278 535
185 259
356 110
8 216
332 198
162 148
500 280
423 166
325 447
456 56
490 583
583 1
132 80
235 444
245 361
455 484
544 551
249 105
521 619
54 1
361 415
119 5
50 261
285 280
174 450
588 77
181 561
272 149
514 346
137 146
150 332
573 399
479 75
453 578
569 142
502 235
322 278
367 469
619 563
431 535
229 132
88 32
67 581
449 232
418 78
516 199
57 269
331 72
279 444
477 370
7 545
170 277
78 319
329 509
594 229
428 151
435 301
305 436
43 404
182 352
369 245
407 237
15 179
200 72
290 505
537 352
86 189
351 304
573 163
512 255
314 49
394 10
216 415
234 365
489 186
435 406
533 550
373 560
48 180
46 523
147 598
579 86
598 200
202 514
257 66
524 300
480 510
553 140
194 141
463 54
406 143
360 327
368 10
90 311
515 413
48 417
100 614
234 270
155 275
359 302
420 141
172 19
336 310
463 500
564 609
69 486
16 459
151 38
60 501
8 579
304 111
218 48
246 336
31 491
99 503
443 425
622 134
420 181
601 109
387 19
333 201
552 344
391 439
239 492
174 464
58 426
535 540
155 38
80 208
35 108
158 294
309 365
43 278
128 309
357 107
180 393
219 473
441 618
275 294
171 200
63 206
8 427
337 138
213 444
32 478
142 215
152 267
515 590
354 475
289 380
344 63
372 488
359 438
71 238
466 98
455 356
428 604
21 90
75 615
523 319
240 6
604 7
584 337
441 395
71 20
163 406
524 83
373 84
283 139
561 290
421 117
41 65
10 284
66 113
540 45
226 320
398 514
558 501
109 349
390 562
462 79
473 532
391 408
147 14
616 154
464 581
566 311
512 235
202 241
569 431
366 489
90 259
472 130
178 364
68 64
584 198
218 409
131 41
506 459
134 508
214 144
449 435
117 372
272 324
211 80
268 82
415 16
421 340
98 243
154 575
113 390
77 614
202 365
51 410
266 323
244 550
467 84
109 487
68 568
178 618
242 449
461 181
378 431
578 353
415 615
375 61
365 550
612 484
573 474
189 612
104 315
60 399
52 6
536 602
334 361
101 368
442 343
40 58
65 412
69 476
506 202
209 404
37 596
402 422
105 432
570 268
398 91
114 271
175 262
510 479
61 315
6 521
295 235
413 78
345 203
555 121
318 410
120 408
597 333
621 215
119 494
334 487
401 497
440 565
156 546
82 475
479 32
395 194
121 339
225 589
380 88
251 335
434 261
282 115
331 369
587 473
264 56
377 412
510 213
452 566
157 306
195 403
21 238
100 598
557 323
590 113
504 297
53 400
277 293
436 102
517 330
374 119
232 583
483 294
369 21
443 112
132 69
200 561
129 322
15 457
173 442
416 589
430 323
333 431
349 496
440 273
430 417
108 522
449 75
64 193
40 593
165 542
436 252
174 516
462 225
200 526
516 556
525 225
463 357
196 67
184 198
80 110
56 610
239 268
449 155
357 253
546 386
624 299
612 16
272 283
370 557
1 415
448 45
167 159
20 452
127 482
490 114
24 143
415 227
284 318
212 114
360 426
195 352
412 411
342 322
514 544
264 534
223 203
381 108
12 516
186 623
243 464
163 92
520 276
113 418
20 580
301 53
546 100
522 445
112 32
145 297
407 578
50 612
162 334
34 310
321 494
341 583
275 407
120 367
534 94
527 193
275 500
407 569
592 278
118 396
411 455
299 76
419 625
599 439
205 478
215 203
436 495
208 164
615 60
364 485
294 312
553 578
139 85
475 322
442 452
59 454
273 132
66 112
507 451
62 516
247 198
81 36
352 406
450 503
34 291
98 45
545 449
91 8
508 459
405 221
360 551
536 571
229 39
334 592
439 370
435 360
75 4
213 106
368 289
406 423
375 294
476 263
352 92
27 8
225 532
441 476
561 598
547 625
192 348
547 167
387 83
529 168
222 619
417 280
194 222
197 356
484 528
414 551
565 618
571 458
150 240
254 243
573 346
222 215
231 130
619 404
298 130
333 439
286 87
307 329
620 207
369 318
317 450
192 297
477 161
122 329
610 375
583 92
116 359
309 394
72 252
555 521
314 416
371 575
317 467
225 416
440 364
50 20
117 574
64 32
259 210
425 129
151 397
486 58
214 462
154 244
618 564
294 542
374 441
503 258
613 108
170 569
480 8
189 286
177 423
217 77
288 609
370 348
112 172
447 468
286 194
347 571
518 595
6 153
440 542
472 8
25 184
260 23
447 404
13 471
549 529
290 336
9 588
279 308
380 276
618 542
357 526
390 197
110 228
47 491
619 192
599 67
461 320
291 129
601 371
46 371
451 349
200 601
397 152
585 477
279 220
544 534
419 11
312 462
470 512
417 118
551 53
144 268
526 150
110 261
411 186
34 359
324 177
438 560
515 398
36 471
421 64
530 101
241 444
404 261
358 439
515 19
491 226
62 515
566 564
214 401
529 364
423 373
40 625
166 491
410 180
416 588
181 162
580 617
112 369
147 514
19 526
357 434
537 528
616 367
168 354
93 123
291 208
200 52
534 567
77 365
223 225
187 426
536 88
440 363
360 367
53 470
475 8
143 399
399 139
560 10
317 79
230 564
589 537
198 186
9 189
528 357
303 567
83 549
440 471
146 538
101 194
66 16
149 263
216 460
529 573
471 438
224 325
61 484
322 20
326 39
302 489
342 474
130 283
576 533
315 212
566 50
612 552
106 185
361 215
418 501
129 49
340 270
461 114
54 6
386 54
307 378
307 448
518 509
260 385
527 96
7 570
34 474
513 141
272 98
213 224
178 383
65 181
579 17
366 401
553 541
372 623
424 484
148 552
285 438
287 414
419 129
78 119
289 385
368 477
246 220
530 106
313 592
558 344
287 389
52 5
26 295
13 479
257 527
463 482
255 46
501 445
7 111
230 568
222 466
397 5
509 284
53 39
415 488
524 512
568 371
199 225
460 188
372 533
377 332
321 332
515 489
503 151
526 327
257 109
161 487
396 220
65 179
593 232
570 318
255 447
471 320
410 474
327 3
44 432
411 499
215 459
582 323
251 390
22 100
581 200
385 35
291 36
574 218
471 618
547 443
398 395
293 219
346 112
176 170
606 361
75 170
327 276
220 382
421 592
28 236
551 601
139 508
482 2
386 475
582 590
206 243
66 315
237 379
605 35
449 528
612 578
365 535
53 136
569 39
295 481
514 577
173 364
459 158
129 12
345 596
501 133
59 93
50 35
363 521
412 83
492 165
579 421
582 330
164 3
510 474
441 324
332 617
179 184
344 5
103 48
428 349
137 545
183 128
595 498
253 278
554 383
594 38
285 533
532 199
497 522
175 559
75 419
620 1
73 255
403 157
558 476
296 530
333 499
425 313
580 36
575 345
16 5
282 519
475 391
473 585
224 319
622 109
461 518
99 267
602 490
442 511
127 279
363 345
523 261
575 363
608 402
190 20
115 503
97 477
507 45
372 351
388 320
280 330
187 299
26 98
92 370
222 566
539 152
141 569
535 599
40 587
511 500
254 202
201 445
507 222
329 536
408 378
508 537
611 463
267 306
295 383
462 451
336 509
296 80
172 128
398 46
342 273
390 365
120 82
523 95
263 496
542 477
128 611
126 37
275 136
106 282
263 144
444 471
88 506
418 278
572 330
625 94
410 233
385 297
212 168
570 376
225 317
79 291
503 351
148 297
317 355
255 184
278 359
412 594
267 451
109 229
490 441
126 51
440 293
18 604
92 453
39 318
461 240
149 544
126 414
179 604
185 609
573 5
425 569
622 594
392 225
90 198
555 269
58 491
277 162
434 135
221 226
43 504
193 35
564 385
228 587
130 551
110 364
283 473
407 48
74 580
593 227
398 162
166 4
184 46
90 321
279 618
415 95
617 131
53 82
190 117
288 62
130 456
614 51
28 235
292 370
123 254
618 62
463 62
33 449
600 149
534 282
120 533
532 267
486 463
291 111
138 127
388 581
411 211
190 556
226 311
615 213
342 110
130 407
584 217
503 18
6 119
354 37
35 192
69 600
86 95
77 516
596 321
296 276
569 445
486 44
290 459
81 109
568 167
119 547
311 328
290 570
358 190
431 421
356 214
615 25
14 334
42 274
487 573
411 595
546 618
369 12
261 601
530 383
373 498
291 524
255 178
122 328
567 231
121 404
297 336
585 394
67 143
434 542
40 441
372 502
156 274
515 576
291 425
285 556
343 290
234 178
573 18
212 46
211 181
202 185
391 3
398 105
307 492
34 268
400 253
335 48
270 235
573 312
264 43
592 230
382 504
550 457
210 227
529 279
559 517
481 624
154 477
617 605
317 149
607 94
383 471
454 478
241 525
295 262
493 198
310 95
367 84
70 553
391 473
216 64
579 178
440 528
67 423
103 602
302 240
604 292
330 514
530 462
96 526
153 472
96 147
278 71
67 180
404 493
193 135
408 214
573 112
13 7
344 135
92 88
21 451
74 375
127 499
77 492
473 185
37 125
548 65
144 431
65 121
571 140
146 28
161 91
547 36
460 557
319 505
252 102
515 218
8 206
551 578
236 273
557 530
299 271
378 273
511 77
426 164
553 157
328 198
527 62
346 315
249 609
163 275
615 586
563 166
435 29
509 347
105 60
477 281
607 472
369 619
379 397
271 256
424 289
576 289
307 599
229 307
418 597
221 376
333 462
45 384
525 342
246 59
526 549
496 1
46 276
540 72
522 8
38 444
607 235
620 591
534 304
576 354
559 416
352 71
583 615
542 232
22 187
550 47
154 118
418 595
178 381
491 244
552 467
371 586
43 285
577 115
607 104
397 252
271 205
1 474
344 21
311 217
217 260
415 499
77 554
450 236
60 614
527 364
564 488
7 8
451 400
404 51
339 335
65 619
141 116
538 370
61 516
158 525
350 282
472 135
408 93
429 149
186 253
127 591
247 528
43 177
594 517
445 61
269 133
370 357
202 428
368 39
513 434
579 352
168 489
54 286
148 479
493 453
539 256
40 152
326 595
135 88
497 233
116 181
97 329
176 141
483 533
447 108
546 489
408 491
134 535
403 420
342 154
96 364
594 313
130 475
371 306
528 354
84 353
499 20
81 410
465 192
573 499
400 623
365 324
375 581
218 496
612 91
278 419
244 391
377 141
615 331
477 49
523 400
475 433
372 42
165 271
103 404
564 111
198 456
232 143
606 536
482 570
140 216
525 367
599 232
576 380
313 291
219 558
136 358
298 479
48 401
207 454
440 373
309 469
394 238
297 39
607 180
250 560
205 163
547 188
544 250
172 198
573 603
533 444
110 107
586 339
317 619
529 119
586 595
457 360
440 286
432 454
437 73
180 146
206 105
163 359
411 87
536 404
18 64
234 410
326 199
578 437
231 165
264 565
31 393
364 5
298 105
392 475
57 604
109 125
159 255
566 241
187 13
366 575
599 184
457 170
289 154
258 265
11 298
544 603
583 334
509 584
162 205
160 369
147 532
426 501
566 167
421 315
502 620
174 130
141 93
143 463
386 120
330 140
567 354
386 243
45 197
356 483
274 310
115 596
148 353
455 578
60 613
280 85
452 360
103 362
606 225
324 443
7 243
493 351
127 562
275 583
622 610
27 308
500 193
204 536
594 530
84 298
276 452
36 276
625 265
275 138
52 258
81 421
93 567
330 612
100 89
463 110
448 19
309 203
505 561
90 95
338 368
519 497
577 163
145 175
534 74
525 339
150 158
100 2
588 391
489 121
560 431
345 162
70 270
291 224
43 137
303 123
502 475
69 370
241 77
454 596
58 266
7 412
527 574
303 601
253 335
244 32
579 345
422 537
200 91
372 549
11 79
297 168
266 230
107 63
610 146
130 40
352 460
307 441
57 535
505 226
245 324
161 524
25 68
556 340
388 447
372 164
171 389
401 331
289 329
68 293
130 86
82 121
316 195
489 417
131 340
412 40
30 153
267 88
125 35
487 577
227 104
286 131
313 614
348 79
388 29
95 6
582 216
608 270
488 173
558 438
173 501
362 64
431 389
199 496
429 585
496 15
24 201
57 476
258 339
188 459
9 320
214 548
367 487
593 508
608 592
494 507
522 241
183 341
452 395
340 550
418 281
437 612
325 537
38 427
612 493
428 376
228 25
281 3
605 448
624 97
13 246
276 290
50 397
30 101
547 520
234 613
107 392
576 206
100 472
481 148
303 625
509 17
424 593
332 322
98 354
399 245
132 110
160 443
57 314
354 509
140 46
74 589
283 346
15 491
158 29
513 97
507 161
98 625
504 543
575 598
230 317
231 511
201 514
368 414
