753 1 300
10
417 402
216 438
138 309
158 283
404 223
303 694
376 743
498 700
216 92
439 595
674 104
155 119
716 495
208 149
289 575
37 434
548 734
741 379
673 709
331 480
188 478
720 131
94 717
488 437
327 728
95 650
101 373
115 112
384 285
187 581
638 715
480 315
20 535
716 109
310 274
585 501
682 563
485 701
312 178
123 461
524 218
450 265
429 689
547 614
527 469
52 484
576 319
71 85
512 341
410 62
65 35
683 657
246 375
668 693
497 32
262 625
323 344
327 698
407 744
165 388
374 721
543 592
291 138
334 2
56 744
512 728
410 84
425 622
630 605
276 361
557 473
359 748
584 546
299 354
258 478
193 107
480 555
273 713
107 236
361 407
36 343
131 20
666 69
442 630
444 14
5 735
393 23
206 216
21 443
612 84
173 181
305 335
706 459
21 123
735 14
135 207
228 291
152 686
663 372
75 57
236 358
158 621
623 34
373 631
228 256
357 403
219 388
593 605
338 533
513 276
154 192
683 198
482 716
61 167
335 375
692 133
644 287
145 452
672 373
434 94
267 602
26 584
62 492
205 53
360 347
299 127
104 660
690 733
82 201
491 608
113 597
422 653
410 120
90 523
465 692
296 177
345 173
710 721
141 524
390 393
637 366
666 325
134 429
180 256
72 372
17 92
388 62
540 640
575 384
464 8
160 515
729 557
591 491
147 204
270 102
155 169
634 742
287 312
194 214
611 120
565 398
356 530
565 415
61 312
702 161
373 28
92 347
384 593
724 207
598 68
140 310
411 121
325 70
63 127
253 655
358 708
159 558
42 497
250 247
613 443
341 263
249 47
408 478
564 352
401 182
418 133
515 41
582 703
68 676
689 621
162 40
632 425
136 415
472 193
524 264
709 507
532 437
231 577
19 318
130 553
411 610
417 525
522 141
452 295
440 649
120 249
127 538
577 481
90 70
699 406
63 214
397 530
429 599
221 223
684 215
117 424
534 716
62 284
375 273
707 419
510 188
41 578
648 620
653 332
402 323
642 513
414 138
681 351
388 258
334 553
639 485
654 304
143 587
308 507
583 592
280 18
328 101
76 19
419 386
719 616
559 166
236 242
400 202
126 471
692 95
602 327
474 197
450 146
651 277
402 601
74 457
29 28
443 581
450 342
463 522
547 750
246 385
184 323
355 556
653 199
89 417
98 9
204 165
84 448
442 558
553 718
621 89
558 247
93 512
331 307
328 607
430 592
523 737
125 51
245 80
257 201
48 685
145 534
565 328
64 108
657 400
222 206
609 691
91 235
482 329
599 575
46 507
456 288
667 125
200 360
148 56
703 355
502 201
82 285
684 602
525 648
548 716
429 35
594 9
589 26
