674 11 1316
108
81
179
619
109
322
467
496
541
670
158
568 434
313 454
156 384
102 82
271 555
13 3
566 271
139 462
418 478
621 29
342 641
470 583
543 435
220 421
619 347
610 145
254 339
425 357
647 645
123 397
602 46
460 138
222 234
112 415
170 85
159 194
470 160
353 283
60 122
219 441
358 245
211 253
198 287
4 598
395 339
242 387
296 7
199 355
272 393
621 441
112 116
266 55
479 543
89 670
582 259
163 53
230 522
480 88
82 518
480 611
147 215
159 557
514 459
584 176
565 13
657 401
174 101
67 456
322 622
97 12
150 439
34 78
382 473
670 57
247 557
410 535
230 477
2 476
381 87
661 90
66 500
444 40
247 233
362 503
471 54
88 123
387 44
32 509
468 654
179 532
565 561
604 305
294 241
673 387
580 337
248 569
395 462
513 550
317 634
653 250
71 604
486 500
212 286
644 197
286 42
184 186
441 627
208 387
375 85
69 647
488 559
620 517
91 472
447 116
34 54
257 472
136 569
248 165
232 467
92 280
47 123
339 607
262 409
223 169
410 567
565 549
636 545
410 216
420 527
567 198
506 47
233 466
598 638
401 341
585 160
192 481
5 222
134 7
521 159
136 289
396 94
320 44
155 362
246 204
118 662
221 465
504 150
375 665
364 394
591 293
284 52
527 423
110 514
611 589
484 343
271 19
13 495
270 432
111 403
17 226
468 452
599 127
600 310
567 571
426 634
517 495
636 347
142 164
399 659
389 84
475 17
174 382
73 77
198 619
140 133
208 390
605 625
28 561
586 497
233 43
52 391
227 388
257 647
653 460
27 628
595 231
427 290
57 74
34 103
665 105
500 330
423 199
20 227
232 291
44 530
131 452
20 58
44 9
46 523
643 168
446 594
657 638
620 174
581 210
107 393
160 272
407 15
245 133
434 672
141 446
368 513
161 151
170 549
268 379
377 646
314 1
255 547
312 9
185 155
418 566
539 430
120 266
156 430
367 392
581 316
314 76
554 301
651 321
498 583
379 545
65 395
549 313
150 44
618 211
190 471
597 50
222 166
18 122
121 329
668 651
421 318
520 276
469 63
400 286
337 104
539 137
14 49
202 437
583 570
316 568
8 273
93 63
597 623
566 530
318 15
171 413
61 102
419 313
392 577
300 610
187 91
374 612
133 314
299 248
412 524
247 257
160 213
409 451
540 42
614 514
421 218
245 628
349 467
515 242
579 539
172 416
53 459
200 155
436 190
579 507
223 584
48 21
673 542
217 631
292 620
466 361
344 182
140 484
306 102
274 351
406 491
481 164
610 105
662 456
111 392
282 515
408 596
283 475
19 55
318 453
69 238
523 141
200 641
338 365
542 272
669 582
574 404
280 15
129 114
512 328
414 52
563 230
39 453
663 5
91 493
38 355
108 332
539 503
374 409
532 636
43 605
223 665
418 61
336 104
10 334
229 263
474 51
623 511
83 544
248 357
393 529
576 457
195 309
614 101
152 383
292 163
129 181
558 15
285 366
55 577
154 415
105 288
63 354
540 265
372 650
589 661
159 621
177 620
421 604
244 585
335 208
59 243
552 271
377 605
472 438
367 579
514 308
491 402
125 540
449 236
311 29
245 58
525 33
598 565
179 229
401 593
327 339
98 297
156 110
211 514
253 233
12 435
527 310
185 204
56 380
256 310
128 257
371 445
509 642
251 93
190 441
136 478
36 175
393 553
30 652
509 192
415 602
1 563
561 588
643 401
111 199
297 20
563 600
7 670
143 159
24 568
4 231
23 266
598 203
216 293
164 368
401 445
75 621
218 420
154 342
165 430
556 438
450 122
104 196
361 236
390 400
590 486
329 212
61 383
630 291
461 72
661 38
282 188
167 66
198 466
46 671
46 63
346 169
653 75
643 331
316 242
242 264
274 76
379 162
248 269
36 563
179 626
609 243
287 529
23 8
159 95
229 618
154 190
315 346
316 13
370 641
21 222
320 334
228 463
518 264
523 36
379 609
46 485
326 265
140 67
594 411
533 216
64 557
130 201
55 194
437 140
201 89
188 33
414 120
40 349
349 463
452 353
545 576
215 396
517 101
93 211
387 386
345 573
585 189
568 36
432 632
102 508
509 355
522 513
238 363
28 511
59 329
239 39
603 422
432 337
200 186
537 96
10 118
415 294
274 529
158 470
256 375
390 270
188 504
148 492
322 594
643 539
158 309
517 609
236 263
92 643
243 556
57 523
305 79
452 411
318 610
308 666
380 628
89 409
181 631
536 217
533 444
610 334
138 613
598 492
32 447
383 625
316 392
351 21
358 214
374 268
497 266
417 36
103 267
150 191
76 91
390 430
657 275
194 183
373 84
564 280
561 340
255 154
643 364
407 494
254 195
347 395
663 25
184 340
248 596
228 53
24 478
461 386
508 40
129 422
28 32
350 302
626 337
615 392
629 46
13 167
347 214
124 108
161 68
624 490
321 536
241 521
634 304
171 72
165 184
568 281
135 295
440 612
297 370
430 317
671 542
544 617
638 80
143 21
364 78
142 427
228 259
180 477
190 362
282 449
135 667
613 587
291 175
370 436
546 442
566 199
233 49
640 33
321 450
573 394
19 369
223 574
212 283
389 142
199 152
11 447
567 342
640 489
179 313
624 593
616 47
130 226
563 128
142 77
311 141
241 25
211 566
305 615
499 101
173 361
133 78
199 460
503 460
558 43
208 653
281 394
72 263
99 479
307 566
510 422
282 121
475 85
62 402
643 259
418 142
493 448
269 203
37 606
652 271
328 286
102 297
640 603
120 565
651 462
389 70
367 293
275 84
535 106
294 413
279 320
186 618
7 637
461 598
35 468
392 234
386 215
506 361
357 341
287 530
338 624
136 482
513 194
362 329
604 455
530 254
567 429
401 426
141 17
517 380
79 553
305 115
669 263
545 628
78 588
113 182
209 285
163 304
134 339
75 654
102 134
655 504
497 437
605 59
17 66
288 97
281 449
194 358
244 338
641 201
486 291
346 369
173 348
395 632
597 30
581 87
417 280
596 224
93 571
575 165
164 492
400 551
42 331
346 351
281 271
216 635
384 170
403 473
598 33
147 204
229 85
591 585
158 541
301 465
567 217
340 623
539 492
485 574
247 522
55 291
452 67
265 469
484 613
313 188
138 592
100 496
327 58
513 317
639 171
342 625
478 78
549 363
65 283
343 366
456 227
661 65
563 195
439 321
57 439
299 606
316 48
114 653
43 667
197 64
435 63
468 555
638 293
582 507
342 499
421 84
362 330
255 230
64 576
247 95
575 315
245 399
143 442
196 646
446 667
398 230
270 71
446 608
71 671
330 281
435 447
646 74
117 128
124 147
361 618
517 55
261 242
85 505
622 235
102 196
425 271
564 628
658 174
232 310
600 235
622 351
111 594
474 348
389 492
628 471
448 124
440 574
286 160
450 203
155 265
273 74
561 42
17 203
260 515
570 281
264 613
586 242
145 22
410 5
415 525
617 667
20 464
434 671
290 345
496 382
90 354
485 317
348 414
192 203
217 47
349 462
319 523
512 313
118 142
504 145
461 343
598 358
294 348
276 594
295 430
207 505
381 357
285 103
167 368
268 201
565 293
256 179
155 318
184 331
531 122
615 661
11 522
495 380
664 81
446 258
116 148
186 206
355 231
308 136
544 206
299 428
268 192
129 469
108 308
337 191
42 623
299 272
615 437
522 82
92 111
512 365
622 647
207 617
55 664
124 602
571 80
42 48
393 115
247 490
343 265
28 13
127 313
229 249
329 76
535 21
347 567
531 481
111 356
26 37
673 598
169 164
25 184
517 619
380 484
329 314
453 425
383 223
556 219
391 534
433 368
297 280
28 27
108 111
110 27
359 592
652 7
41 395
596 461
235 264
587 226
197 473
13 543
313 584
192 171
65 317
534 512
485 414
83 318
439 570
614 173
386 567
576 102
494 532
382 425
425 81
353 26
309 66
111 608
94 155
467 530
638 564
541 480
269 483
472 302
234 277
482 626
284 563
93 511
637 487
638 497
165 642
471 581
396 609
210 146
280 443
88 526
117 324
373 589
444 161
40 371
536 368
552 297
268 8
434 352
619 433
671 224
243 253
584 266
198 9
372 155
407 655
307 495
132 645
290 401
224 133
634 29
450 525
117 479
85 299
397 205
475 185
577 311
44 573
298 504
55 50
3 358
75 40
367 266
455 23
170 228
86 40
168 249
324 478
478 270
83 265
63 57
325 663
162 474
513 273
437 151
196 464
556 620
597 671
453 285
28 614
268 102
351 645
418 187
99 472
540 324
436 445
478 664
83 312
540 146
310 414
302 362
236 166
625 578
57 174
136 656
643 196
452 261
575 93
75 515
673 640
111 548
473 156
470 228
233 457
16 254
63 214
521 644
204 639
221 8
626 53
236 615
346 527
50 613
283 590
409 20
596 372
176 583
599 281
70 121
618 599
539 188
35 319
198 321
78 308
660 484
470 41
464 189
201 152
495 75
620 551
230 4
135 145
146 52
31 139
338 48
50 221
638 328
438 56
106 390
244 605
667 305
663 495
120 28
605 26
397 577
597 25
279 606
242 654
83 199
14 343
193 479
48 328
353 506
223 372
85 551
347 442
625 656
417 175
34 249
488 493
15 130
275 255
429 68
400 261
513 535
623 643
624 591
661 620
312 532
155 88
510 379
354 533
302 442
490 301
152 390
425 115
100 35
24 211
308 607
254 113
373 578
111 351
301 99
126 570
503 299
335 184
106 71
18 617
473 120
397 392
426 513
627 43
592 445
22 556
359 338
536 412
283 41
561 450
93 39
65 168
351 47
405 545
110 95
393 159
366 65
291 323
35 527
116 504
105 515
635 507
360 85
60 70
341 309
569 557
561 564
305 36
452 331
186 26
286 471
108 590
95 622
426 104
619 117
513 13
18 354
231 67
249 1
182 304
338 419
285 133
242 310
438 314
457 12
97 117
202 576
399 161
321 32
92 653
116 631
632 430
2 16
39 638
105 472
261 604
567 455
83 646
190 391
278 276
105 111
310 483
278 154
299 200
524 21
262 96
464 36
251 125
48 529
32 33
588 338
266 510
146 572
607 459
497 294
608 652
573 444
48 392
466 171
466 183
76 73
465 396
588 223
601 493
594 278
18 641
286 171
235 656
160 455
484 535
501 131
470 181
259 82
185 435
150 142
600 488
332 313
135 545
196 323
591 344
318 520
646 162
210 514
550 545
616 658
243 496
36 448
539 667
459 166
428 224
166 449
425 555
20 437
263 70
236 54
39 505
188 181
559 524
42 674
272 107
577 75
584 57
116 320
36 371
506 306
515 276
22 263
379 202
601 507
556 127
134 125
554 272
574 361
610 77
38 536
530 587
494 432
183 395
350 321
30 475
451 233
553 295
60 520
564 91
45 158
177 529
542 401
607 3
76 631
413 38
154 6
397 466
615 625
529 460
101 41
555 364
394 184
89 5
567 487
578 367
36 172
131 373
512 658
577 350
609 507
418 407
540 224
149 326
245 299
87 640
423 475
69 563
151 283
123 186
607 226
51 489
504 665
54 369
386 308
69 641
648 203
84 192
174 359
395 331
67 313
652 98
658 546
501 314
474 151
225 566
293 238
381 27
242 550
138 186
108 625
114 501
174 640
375 102
263 146
447 647
420 172
325 584
443 183
229 372
671 384
307 283
294 351
392 429
156 599
4 539
671 243
492 140
608 656
195 129
196 272
231 548
292 238
167 451
547 90
226 384
381 570
465 505
118 588
208 650
532 11
170 608
373 71
576 94
108 376
456 37
392 523
1 311
416 357
337 586
39 385
185 279
656 391
309 398
497 646
348 524
428 177
579 659
468 49
242 98
168 12
674 291
370 504
17 651
395 126
508 222
469 269
409 254
505 307
673 543
537 164
193 44
377 349
146 400
302 579
156 408
638 219
211 176
157 150
229 350
434 128
