635 20 1043
501
111
408
62
204
552
169
70
98
484
558
331
514
323
401
147
526
150
622
233
448 58
207 483
90 538
509 19
179 435
191 24
95 431
55 79
193 280
405 68
540 579
530 520
111 188
21 295
354 551
139 237
478 197
442 191
495 328
338 540
304 93
466 394
336 183
323 350
192 237
459 213
425 438
75 35
599 469
131 484
569 239
364 629
385 284
592 321
505 517
373 40
276 417
120 594
382 54
573 494
302 350
454 169
270 303
287 560
316 632
582 96
557 417
259 608
336 396
254 489
81 204
415 634
626 57
265 155
13 482
51 514
406 184
530 274
528 43
158 482
345 505
175 118
566 528
460 89
489 422
398 613
510 457
452 635
482 111
41 350
204 48
462 275
392 476
539 167
92 413
243 132
57 588
501 398
481 431
578 411
570 549
521 526
448 465
277 419
487 123
379 502
570 395
507 131
210 211
43 537
470 325
362 333
312 305
236 16
617 412
153 15
190 138
73 271
28 585
332 379
561 624
320 469
449 488
428 346
20 335
23 536
448 509
427 301
144 197
409 73
567 357
235 511
507 122
256 130
263 370
418 108
605 176
66 236
576 35
488 401
96 73
128 382
258 17
318 76
441 3
408 262
584 571
507 188
600 98
262 217
102 8
492 631
620 109
341 52
8 614
362 586
192 570
327 115
591 540
225 147
15 532
239 546
400 505
413 164
135 200
327 576
188 488
152 585
626 244
87 156
609 524
120 598
293 9
471 371
360 461
261 208
150 109
87 456
224 206
285 568
538 83
331 531
246 590
487 362
493 378
383 36
266 288
510 307
264 141
418 112
391 288
177 178
496 222
553 94
588 5
475 250
272 229
619 179
53 450
580 152
327 135
168 564
112 223
301 286
376 360
494 469
635 220
589 368
512 27
225 133
83 92
186 67
175 128
558 343
362 87
401 77
162 201
587 451
194 396
517 530
427 538
155 550
269 360
222 60
255 486
201 269
532 209
262 592
172 189
84 541
467 231
616 395
356 130
114 466
35 305
538 622
127 374
379 246
112 253
439 595
62 615
564 446
557 120
584 308
523 424
192 27
283 11
622 141
26 438
236 60
283 87
325 379
324 74
481 286
381 290
463 549
312 31
369 489
388 483
119 459
451 157
279 77
513 512
463 129
14 406
300 139
75 289
173 513
33 484
581 242
180 104
104 135
130 325
593 553
633 338
248 257
232 588
409 538
376 336
143 39
273 500
510 112
481 584
180 464
349 448
603 66
364 418
279 298
584 292
266 608
381 18
323 577
603 544
599 491
416 494
268 365
71 613
474 335
611 185
549 519
533 529
470 174
114 319
344 318
193 410
419 202
536 348
404 292
620 284
21 263
252 548
477 577
1 78
476 14
135 259
233 408
553 334
459 546
122 395
504 571
69 103
440 103
43 562
46 439
25 605
105 420
571 281
307 427
32 153
224 387
340 59
85 315
251 423
211 26
223 537
189 117
334 523
600 494
619 525
11 50
22 369
407 222
392 168
233 277
370 53
538 43
113 7
361 214
506 431
407 81
392 98
249 190
198 164
635 613
122 365
362 31
572 160
557 632
292 208
329 622
458 174
548 95
526 133
448 604
570 536
446 413
359 240
293 438
2 216
155 172
132 69
423 427
514 191
15 482
281 272
267 196
167 569
134 543
122 221
151 413
150 165
504 511
515 27
584 470
448 95
563 430
185 311
483 59
381 56
194 296
452 174
303 179
591 414
529 167
275 211
362 8
522 506
136 71
352 175
520 366
272 23
334 145
513 435
121 358
98 561
429 377
625 574
487 511
154 601
459 439
446 371
136 293
241 254
124 324
18 575
493 88
135 291
324 241
491 92
498 400
335 304
263 535
39 71
146 478
156 306
260 25
34 496
26 481
572 600
542 451
501 36
599 435
424 364
528 406
430 565
105 218
117 398
239 46
178 23
113 386
172 486
557 301
560 352
277 518
323 630
575 34
404 74
401 117
2 438
317 426
594 245
265 467
383 485
611 507
76 47
526 64
363 332
251 4
324 226
621 245
47 352
110 435
274 297
495 255
620 96
150 452
151 482
327 378
116 81
510 447
535 195
230 46
86 579
525 279
347 442
370 599
91 68
406 491
443 480
342 364
127 340
65 93
251 23
151 360
163 334
147 545
237 437
266 44
11 581
612 560
164 624
340 398
198 285
217 600
520 464
56 617
600 239
255 54
167 515
556 370
118 459
175 458
494 23
453 81
342 217
501 89
551 225
593 83
535 247
78 149
515 401
200 625
497 32
2 66
98 408
468 280
563 403
79 356
491 446
586 231
328 137
630 132
86 46
634 140
620 241
434 415
403 377
481 51
24 393
506 106
553 139
230 91
6 632
131 434
598 609
589 448
347 40
53 4
14 495
99 400
247 194
77 136
72 284
527 192
26 516
51 318
327 518
30 461
35 214
448 28
31 582
472 173
386 215
522 51
115 11
530 276
164 490
496 358
133 387
12 352
149 467
484 378
350 69
449 371
576 403
79 375
309 289
374 146
326 603
409 505
486 524
356 592
200 321
40 587
121 119
317 133
152 608
40 112
353 172
21 442
87 407
121 314
537 552
468 251
256 583
438 542
370 538
340 517
118 451
106 75
514 615
634 92
426 526
243 150
255 34
115 10
81 601
294 523
264 334
281 373
548 349
29 466
137 439
84 99
461 504
292 321
563 318
325 309
328 278
393 526
52 315
290 3
439 101
277 100
55 622
141 322
219 524
624 460
542 19
388 414
333 449
40 81
156 353
82 327
357 119
168 466
593 202
303 594
484 246
426 388
390 610
411 287
375 288
150 90
224 541
347 603
173 553
286 3
457 614
536 88
427 344
373 511
551 605
169 11
287 150
349 432
194 144
270 166
37 212
474 15
83 153
622 144
32 289
561 230
129 466
229 469
584 231
267 574
380 122
152 494
107 387
613 477
505 324
158 214
545 491
121 538
421 448
634 607
535 254
290 84
248 278
484 203
256 356
173 558
216 291
431 372
28 17
115 319
331 267
212 415
339 147
35 83
18 135
413 104
385 470
264 581
312 612
589 29
278 56
14 214
364 373
454 111
462 395
204 9
130 276
121 527
413 204
553 19
219 557
171 163
367 88
245 129
503 564
456 559
32 266
509 593
210 84
101 100
562 12
112 394
123 551
31 298
250 290
404 70
112 498
246 129
35 65
351 50
332 429
95 305
295 446
540 496
522 121
11 544
466 426
33 213
397 167
200 99
400 199
290 545
286 151
35 6
56 523
204 153
560 126
489 503
532 146
539 51
635 98
411 362
328 606
339 531
389 219
189 157
266 243
217 200
428 263
290 32
453 207
373 57
189 310
457 84
338 478
235 76
384 434
82 535
14 350
381 257
371 198
633 176
170 478
163 8
149 219
394 37
482 500
433 122
612 467
616 123
332 220
29 214
111 266
544 178
526 516
366 490
151 325
85 471
447 558
375 340
302 348
603 122
241 239
138 404
246 186
291 351
122 393
565 624
239 149
515 54
409 85
538 401
404 462
369 271
436 441
424 341
533 607
121 125
392 134
476 58
517 543
566 185
266 155
82 384
599 269
257 97
35 550
219 320
228 100
245 202
628 562
198 322
55 399
312 135
604 629
221 208
138 448
55 440
450 281
400 596
58 102
66 202
613 130
347 205
513 504
6 571
430 43
280 161
620 337
419 399
537 189
203 221
70 302
139 617
531 467
350 137
157 353
93 196
474 55
493 212
108 9
153 451
155 136
15 197
279 216
465 43
117 147
519 249
263 603
536 367
280 559
30 152
208 200
146 459
195 449
510 42
496 607
135 447
381 600
595 468
629 281
235 209
95 403
473 392
57 394
602 23
214 408
438 485
534 544
525 236
202 315
293 40
143 139
438 598
533 289
61 83
414 37
68 622
441 119
186 414
263 582
489 214
157 272
346 626
161 227
299 103
127 9
74 526
208 435
467 409
562 185
173 45
577 476
337 448
508 307
397 220
86 50
377 397
573 616
287 551
51 78
215 466
207 319
345 431
431 116
506 432
125 438
472 541
347 458
333 571
580 359
621 605
96 374
80 310
44 65
5 599
542 233
369 265
505 39
504 181
15 77
585 596
378 396
93 357
264 303
551 329
465 233
100 76
559 210
506 192
184 104
500 180
210 180
218 326
85 437
104 465
390 314
358 565
458 415
465 284
123 474
26 107
630 286
267 65
197 621
146 408
139 546
303 437
22 492
612 142
528 414
63 568
288 254
153 490
94 558
379 33
443 597
465 274
477 634
105 366
288 484
176 251
511 598
584 337
631 612
539 161
285 430
33 222
403 199
573 39
130 230
632 226
245 607
500 36
340 548
98 138
52 245
461 599
136 101
182 287
298 94
468 268
547 108
345 16
372 67
259 387
42 284
28 52
522 349
147 269
282 181
274 572
593 71
59 391
381 182
70 39
161 500
505 326
416 446
80 11
343 68
583 190
259 58
169 1
19 545
385 189
422 469
332 431
535 303
453 428
280 544
61 278
466 496
628 64
247 529
166 63
148 629
256 328
106 188
347 22
125 372
595 364
215 300
166 135
268 616
360 211
177 461
69 274
103 326
125 625
185 282
337 504
173 400
257 565
146 154
564 354
168 374
492 452
36 299
34 347
83 384
514 420
358 280
383 316
219 50
14 531
368 372
480 343
140 184
479 513
303 298
520 103
332 509
385 594
546 167
450 463
418 516
532 269
155 32
107 529
200 462
622 254
632 383
348 26
519 139
