704 16 83
253
547
578
613
382
159
291
404
442
136
568
9
100
681
208
294
681 605
32 64
242 461
645 659
130 630
357 162
436 170
28 559
295 227
453 61
92 114
574 327
110 560
126 378
704 307
103 9
209 37
634 125
173 582
672 87
638 190
605 352
23 257
702 576
86 447
648 445
501 366
672 125
39 231
689 63
344 25
444 304
633 465
310 148
194 249
41 479
30 19
604 652
526 454
660 246
576 595
569 155
187 553
342 387
600 50
81 278
72 299
289 175
169 591
664 333
370 618
197 512
382 495
331 155
640 615
692 578
201 198
241 369
672 246
385 147
39 387
254 434
326 465
103 60
597 72
614 249
81 660
414 659
494 441
184 275
131 375
156 635
101 384
326 8
54 165
364 486
549 150
324 134
309 64
516 152
255 704
669 496
224 686
