562 16 755
245
423
136
297
296
92
478
457
73
29
38
281
326
406
384
117
478 345
48 234
551 160
260 368
7 106
253 287
63 410
67 457
408 492
431 301
559 486
50 6
532 439
150 305
375 67
138 252
31 502
139 363
67 544
141 387
115 72
552 438
314 157
229 202
281 444
237 148
48 271
154 25
66 521
302 366
212 233
93 544
478 33
493 78
63 523
151 352
33 311
225 201
487 255
232 160
188 131
423 533
11 80
16 227
51 369
230 453
146 237
276 379
502 278
322 170
274 435
285 156
121 155
453 123
75 119
87 219
527 467
21 105
146 418
11 463
68 455
222 361
306 356
69 156
272 530
436 237
532 538
243 95
521 157
405 403
232 390
39 252
90 338
204 446
468 102
361 559
447 528
453 78
144 67
317 371
491 262
57 39
400 508
29 208
433 471
93 423
406 509
179 503
373 515
72 429
482 552
114 358
97 15
52 432
526 205
338 129
343 531
152 346
241 495
309 419
453 461
15 54
229 517
25 149
477 225
214 114
242 509
17 296
191 319
545 459
267 511
363 28
227 528
463 414
207 291
342 553
42 117
172 294
413 234
435 162
209 153
154 403
36 556
227 39
192 230
529 258
269 432
327 124
205 473
405 391
214 205
194 125
508 138
332 458
210 359
73 44
518 506
8 369
18 334
220 259
114 551
381 83
434 116
551 453
181 224
111 398
175 520
114 157
58 455
159 44
446 515
315 304
200 477
227 391
519 49
192 184
340 431
335 362
78 463
375 93
210 173
419 15
445 171
263 153
86 6
139 541
68 79
416 395
291 147
117 51
56 388
380 125
418 292
218 310
114 538
461 485
437 96
304 18
532 498
459 285
289 393
523 554
129 56
284 263
443 518
386 8
328 404
112 401
294 150
406 171
16 3
20 74
561 302
121 450
464 136
391 55
476 123
276 410
317 28
338 303
72 106
33 195
169 330
7 336
422 146
397 337
217 400
345 531
145 46
338 97
458 87
144 420
539 43
548 338
520 307
440 26
229 556
540 210
411 258
547 493
388 340
238 242
533 548
6 303
502 329
162 466
38 454
462 59
106 557
132 369
223 547
98 325
196 19
256 189
541 556
289 242
16 455
5 548
430 142
266 528
526 377
393 529
168 404
350 245
38 222
476 190
314 279
85 147
240 159
26 378
281 250
60 415
189 34
420 17
240 455
433 549
414 472
86 166
342 336
98 53
184 530
184 329
31 129
360 179
542 63
514 217
281 402
198 430
213 204
55 95
88 467
209 162
386 104
111 498
361 356
214 60
163 268
431 120
42 160
96 432
34 45
64 194
187 157
425 470
56 524
117 544
207 23
86 183
245 474
67 101
70 18
323 513
288 259
15 456
514 273
318 124
40 521
411 225
34 251
160 142
61 74
85 192
494 328
281 553
12 317
560 511
257 353
486 118
526 362
423 375
128 269
266 326
28 451
526 548
109 357
454 295
4 283
513 243
336 410
413 329
493 437
489 397
507 309
240 474
477 127
115 276
40 181
28 292
240 296
190 532
424 163
357 188
372 290
95 537
158 223
549 331
197 288
508 382
364 438
507 80
324 263
115 95
433 48
58 208
22 205
149 191
55 476
305 89
61 261
294 248
286 472
443 530
174 107
348 462
108 379
472 48
235 152
141 76
228 177
76 455
316 170
246 153
111 11
233 163
496 210
75 483
515 228
331 469
331 48
241 377
390 115
399 1
84 130
442 229
524 185
460 143
432 536
530 59
215 157
511 491
249 407
354 163
120 504
327 116
4 450
479 556
556 130
378 88
419 188
376 119
2 375
490 198
373 510
245 254
475 410
9 467
266 211
436 10
413 84
376 135
318 76
150 338
29 91
6 308
218 431
465 286
88 342
526 493
70 513
4 512
17 200
112 180
421 19
456 213
104 214
340 19
408 438
311 285
556 166
90 102
137 367
248 150
450 260
552 446
533 124
49 498
539 452
423 187
170 360
21 92
444 499
316 272
528 297
176 100
90 67
431 372
217 436
280 220
171 115
179 555
156 400
354 412
349 276
414 301
325 346
312 217
507 51
414 504
164 100
549 185
1 467
382 160
114 534
305 115
61 526
213 316
376 179
182 103
556 213
102 124
305 83
90 479
556 38
22 323
514 40
65 471
560 165
363 481
529 462
178 410
361 202
480 327
420 25
22 459
454 296
374 121
288 161
516 534
173 31
1 60
262 100
505 77
181 228
203 354
99 252
217 218
126 402
31 247
546 113
109 283
267 304
307 490
356 196
70 80
292 426
423 195
437 171
229 412
462 74
398 5
140 396
95 294
462 10
401 233
131 3
102 475
506 41
112 226
281 222
73 455
299 258
397 86
106 405
76 217
26 129
541 9
438 451
523 66
143 293
234 295
357 229
328 15
452 256
358 538
145 94
455 116
457 70
514 358
5 363
151 228
343 8
422 413
59 276
137 426
8 507
266 117
175 304
369 174
111 503
446 317
480 187
23 501
15 166
520 251
503 496
413 26
536 196
165 24
75 531
63 426
240 271
70 507
128 276
139 265
394 391
256 392
96 102
67 149
525 202
388 334
164 299
532 306
360 215
530 45
442 420
175 280
19 437
417 15
469 373
497 306
116 124
50 141
350 409
488 448
457 343
96 506
406 109
230 458
279 450
341 188
539 218
31 279
408 206
476 125
150 182
297 291
78 519
378 118
39 41
188 518
388 473
256 390
15 261
45 417
298 4
189 121
374 23
352 381
149 262
373 500
42 164
202 267
91 199
421 15
41 145
205 540
109 366
479 402
501 518
517 311
24 482
123 194
154 209
165 543
441 68
194 522
99 165
386 366
154 250
433 450
41 348
167 234
22 368
293 198
550 362
413 487
188 360
181 356
389 271
232 148
245 480
531 275
239 551
212 69
400 67
555 275
262 3
441 125
295 82
415 481
21 220
102 396
133 384
419 124
317 301
213 113
562 11
115 110
365 352
405 65
159 448
23 359
276 358
561 353
448 426
533 437
77 287
504 290
329 390
410 91
36 101
308 537
418 99
56 35
456 358
380 102
7 258
324 401
478 375
500 471
408 309
176 239
82 531
244 152
233 425
254 523
51 41
24 66
177 141
508 240
335 512
74 499
78 160
374 297
333 79
251 257
410 141
90 357
18 121
248 196
504 258
159 400
554 159
269 444
501 261
352 325
155 6
450 194
57 131
245 448
485 424
528 397
32 357
398 85
464 556
227 499
45 237
549 393
237 285
413 423
63 381
84 497
562 536
121 422
83 464
301 96
17 47
336 196
245 80
216 281
180 153
190 56
535 249
77 362
387 222
113 12
90 562
47 366
381 16
247 516
490 211
482 113
434 225
527 32
360 392
451 219
22 466
5 305
345 447
215 199
477 55
275 348
340 459
310 380
288 322
263 505
203 346
192 245
185 4
433 185
356 197
479 284
258 88
129 352
283 360
